1341847980.722988 0.0000000 0.0000000 0.0000000 -0.0000000 -0.0000000 -0.0000000 1.0000000
1341847981.458797 -0.0185036 -0.0006507 -0.0051581 0.0023605 0.0068458 0.0063435 0.9999537
1341847981.490701 -0.0186581 -0.0005339 -0.0055455 0.0022434 0.0066962 0.0065744 0.9999534
1341847981.758846 -0.0365343 0.0057620 -0.0101709 0.0037435 0.0139194 0.0055405 0.9998808
1341847982.934803 -0.1149700 0.0037594 -0.0094473 0.0055381 0.0509901 0.0221242 0.9984387
1341847983.570684 -0.1928040 -0.0028417 -0.0051836 -0.0062862 0.0703811 0.0236906 0.9972190
1341847983.638729 -0.2008537 -0.0032539 -0.0066335 -0.0038619 0.0717499 0.0244700 0.9971150
1341847984.006722 -0.2637414 0.0017416 -0.0154849 0.0092966 0.0786927 0.0342883 0.9962657
1341847984.343094 -0.3171009 0.0137049 -0.0018468 -0.0099000 0.0904010 0.0298875 0.9954076
1341847984.406718 -0.3245249 0.0124586 0.0016463 -0.0144905 0.0863456 0.0332772 0.9956039
1341847984.674804 -0.3561785 0.0073058 0.0347707 -0.0138858 0.0933135 0.0358711 0.9948935
1341847984.842655 -0.3716675 -0.0037626 0.0603318 -0.0065240 0.0943924 0.0400272 0.9947087
1341847985.546814 -0.4102102 -0.0485959 0.1522171 -0.0140222 0.1352430 0.0602066 0.9888822
1341847985.614773 -0.4153144 -0.0528195 0.1632002 -0.0113952 0.1413590 0.0626169 0.9879104
1341847985.882782 -0.4341262 -0.0698962 0.1951625 0.0158769 0.1567452 0.0836286 0.9839640
1341847986.018756 -0.4422137 -0.0814257 0.2143050 0.0127223 0.1729624 0.0877931 0.9809254
1341847986.082612 -0.4444232 -0.0857380 0.2218535 0.0120180 0.1753404 0.0917628 0.9801484
1341847986.359210 -0.4540369 -0.1071820 0.2565338 0.0153154 0.2031613 0.1000977 0.9738950
1341847986.593712 -0.4594412 -0.1250576 0.2916031 0.0105775 0.2243853 0.1076304 0.9684808
1341847986.762616 -0.4615600 -0.1337925 0.3137643 0.0137499 0.2307733 0.1244588 0.9649169
1341847986.954690 -0.4642531 -0.1463480 0.3417786 0.0010589 0.2399393 0.1385273 0.9608529
1341847987.290653 -0.4703568 -0.1632842 0.3842907 -0.0139055 0.2716647 0.1453550 0.9512502
1341847987.794708 -0.4969739 -0.1628875 0.4479271 0.0167529 0.3280054 0.1651351 0.9299797
1341847988.537778 -0.5303192 -0.1703752 0.5198370 0.0332085 0.3441616 0.1773318 0.9214138
1341847988.669807 -0.5358477 -0.1730251 0.5271311 0.0218320 0.3480853 0.1753509 0.9206585
1341847988.937824 -0.5550063 -0.1787222 0.5359388 0.0169210 0.3601650 0.1880301 0.9135861
1341847989.166672 -0.5785385 -0.1902310 0.5456642 0.0168090 0.3652475 0.1960705 0.9098726
1341847989.302773 -0.5967751 -0.1979877 0.5474738 0.0215555 0.3586033 0.1907566 0.9135376
1341847989.402777 -0.6074052 -0.2049755 0.5498520 0.0117328 0.3583623 0.1760921 0.9167499
1341847989.570705 -0.6253523 -0.2124739 0.5501379 0.0100989 0.3586729 0.1721250 0.9174011
1341847989.702606 -0.6374211 -0.2176286 0.5522463 0.0075134 0.3684736 0.1677978 0.9143384
1341847990.207022 -0.7061379 -0.2313891 0.5573182 0.0160259 0.3817257 0.1731565 0.9077695
1341847990.306743 -0.7205637 -0.2346949 0.5578436 0.0175127 0.3795917 0.1745525 0.9083694
1341847990.574711 -0.7520533 -0.2384851 0.5646905 0.0132764 0.3797783 0.1834047 0.9066173
1341847990.710795 -0.7653334 -0.2401189 0.5678068 0.0134700 0.3840503 0.1906588 0.9033123
1341847990.842713 -0.7773293 -0.2435525 0.5712832 0.0140805 0.3882551 0.1998372 0.8995137
1341847991.142784 -0.7982897 -0.2551615 0.5862255 0.0125982 0.4063591 0.2065243 0.8899782
1341847991.246842 -0.8067522 -0.2592327 0.5933695 0.0146415 0.4128558 0.2071680 0.8868017
1341847991.546725 -0.8304172 -0.2706063 0.6155379 0.0145656 0.4242685 0.2311666 0.8754120
1341847991.689872 -0.8350315 -0.2774740 0.6205870 0.0164052 0.4365250 0.2466570 0.8650648
1341847991.982826 -0.8479570 -0.2936440 0.6332148 0.0148124 0.4649635 0.2539953 0.8479834
1341847992.250652 -0.8665432 -0.3074734 0.6536272 0.0124651 0.4844708 0.2546279 0.8368376
1341847992.518735 -0.8914375 -0.3214305 0.6747688 0.0188924 0.5049035 0.2700302 0.8196336
1341847992.654692 -0.9066243 -0.3271490 0.6853740 0.0179967 0.5106203 0.2746904 0.8145478
1341847992.818723 -0.9210765 -0.3363720 0.6993723 0.0165712 0.5163795 0.2758562 0.8105437
1341847992.986720 -0.9298397 -0.3434620 0.7134205 0.0111805 0.5237353 0.2794195 0.8046746
1341847993.390722 -0.9465867 -0.3636392 0.7511262 0.0141407 0.5443544 0.2877801 0.7878203
1341847993.658928 -0.9581299 -0.3773545 0.7830846 0.0133489 0.5541108 0.3049839 0.7744468
1341847993.790887 -0.9564470 -0.3857409 0.7998393 0.0012875 0.5612790 0.3060624 0.7689539
1341847993.933661 -0.9580752 -0.3951249 0.8137410 -0.0031025 0.5648518 0.3073058 0.7658303
1341847994.065706 -0.9605286 -0.4050351 0.8239410 -0.0047668 0.5739605 0.3053266 0.7598172
1341847994.169705 -0.9624500 -0.4120394 0.8310692 -0.0007575 0.5806853 0.3050781 0.7548055
1341847994.501736 -0.9790357 -0.4377129 0.8653125 0.0195262 0.5999985 0.3127224 0.7360878
1341847994.637836 -0.9866664 -0.4474001 0.8827461 0.0208922 0.6060241 0.3203702 0.7277783
1341847994.798790 -0.9970537 -0.4565485 0.9019353 0.0174121 0.6152551 0.3245481 0.7182107
1341847995.066673 -1.0002426 -0.4705348 0.9311562 0.0058628 0.6281774 0.3422999 0.6987056
1341847995.334686 -1.0070363 -0.4846263 0.9529709 0.0142041 0.6479843 0.3467129 0.6780155
1341847995.466776 -1.0049858 -0.4914289 0.9663813 0.0104028 0.6540334 0.3475175 0.6718362
1341847995.602698 -1.0060664 -0.4981421 0.9812012 0.0193593 0.6523838 0.3582885 0.6675702
1341847996.170714 -0.9958680 -0.5165601 1.0141832 0.0145271 0.6747008 0.3711046 0.6378473
1341847996.438632 -1.0019600 -0.5240399 1.0264032 0.0168468 0.6887883 0.3755677 0.6198675
1341847996.874766 -1.0079640 -0.5363186 1.0641559 0.0067401 0.7067770 0.3907873 0.5896661
1341847997.010744 -1.0123906 -0.5459593 1.0789404 0.0152296 0.7092743 0.3923877 0.5854314
1341847997.178794 -1.0160486 -0.5565679 1.1005321 0.0158323 0.7117940 0.3879438 0.5853189
1341847997.311412 -1.0183769 -0.5632344 1.1152098 0.0124840 0.7121696 0.3879421 0.5849440
1341847997.714639 -1.0045079 -0.5915664 1.1519717 0.0123957 0.7370101 0.3779498 0.5601932
1341847998.122275 -0.9819323 -0.6218326 1.2001557 0.0295466 0.7442472 0.3882037 0.5426979
1341847998.253760 -0.9739344 -0.6293962 1.2137465 0.0237032 0.7426766 0.3882727 0.5450816
1341847998.382723 -0.9663163 -0.6392308 1.2291635 0.0204932 0.7394163 0.3870234 0.5505058
1341847998.518722 -0.9616253 -0.6461064 1.2460457 0.0112368 0.7364836 0.3838296 0.5569026
1341847998.786762 -0.9524362 -0.6626704 1.2829230 0.0014894 0.7357758 0.3856990 0.5566579
1341847998.918666 -0.9510262 -0.6714686 1.3039151 0.0009654 0.7379535 0.3892773 0.5512593
1341847999.186738 -0.9407904 -0.6803377 1.3367606 -0.0052049 0.7377814 0.4016775 0.5425004
1341847999.322701 -0.9341284 -0.6882113 1.3493485 0.0036806 0.7489308 0.4014180 0.5272123
1341847999.454933 -0.9285904 -0.6937525 1.3586588 0.0126025 0.7575806 0.4024160 0.5137841
1341847999.590686 -0.9212742 -0.6991204 1.3685408 0.0234884 0.7691932 0.4089752 0.4904380
1341847999.722697 -0.9086328 -0.7019123 1.3772683 0.0251190 0.7787677 0.4118945 0.4724753
1341847999.858757 -0.8948928 -0.7043018 1.3844199 0.0308593 0.7874542 0.4163078 0.4534881
1341847999.990848 -0.8798717 -0.7032759 1.3892665 0.0339159 0.7903072 0.4346195 0.4305465
1341848000.126737 -0.8671589 -0.7013958 1.3935049 0.0297949 0.7933965 0.4468927 0.4122151
1341848000.394654 -0.8406659 -0.6974503 1.3958178 0.0207655 0.7957017 0.4676358 0.3843752
1341848000.594838 -0.8195645 -0.6946145 1.3968314 0.0192555 0.8012887 0.4704996 0.3690470
1341848000.862750 -0.7892939 -0.6990705 1.3991643 0.0300117 0.8157214 0.4678434 0.3388517
1341848000.998783 -0.7729437 -0.7011737 1.4023806 0.0343070 0.8193951 0.4691944 0.3275230
1341848001.130714 -0.7555611 -0.7019538 1.4057385 0.0407619 0.8219678 0.4717292 0.3165107
1341848001.434718 -0.7196180 -0.6957710 1.4102681 0.0230100 0.8378799 0.4676265 0.2806301
1341848001.567011 -0.7049564 -0.6910121 1.4068741 0.0162848 0.8464060 0.4676549 0.2542256
1341848001.702767 -0.6918140 -0.6869876 1.4038050 0.0131755 0.8539690 0.4669664 0.2291411
1341848001.870724 -0.6729478 -0.6817625 1.3974429 0.0151427 0.8602186 0.4680403 0.2018239
1341848002.002731 -0.6597767 -0.6809246 1.3928882 0.0196576 0.8620328 0.4717473 0.1843028
1341848002.138653 -0.6457208 -0.6782967 1.3863511 0.0242355 0.8632920 0.4747386 0.1695959
1341848002.306708 -0.6286848 -0.6734003 1.3815953 0.0201317 0.8649110 0.4786425 0.1497502
1341848002.438766 -0.6160178 -0.6674026 1.3765459 0.0167388 0.8643802 0.4842989 0.1342435
1341848002.606780 -0.6019639 -0.6585006 1.3744558 0.0119558 0.8620161 0.4922954 0.1201275
1341848002.742817 -0.5899765 -0.6518139 1.3734894 0.0046381 0.8594603 0.4978125 0.1161431
1341848002.875238 -0.5767035 -0.6445885 1.3729802 0.0079005 0.8586434 0.4995972 0.1143316
1341848003.010885 -0.5621257 -0.6405019 1.3718538 0.0083781 0.8595814 0.4953041 0.1253930
1341848003.310739 -0.5311310 -0.6349191 1.3709456 -0.0104131 0.8627299 0.4873748 0.1343668
1341848003.442728 -0.5162093 -0.6306832 1.3719236 -0.0190585 0.8638206 0.4809566 0.1487667
1341848003.578749 -0.5016739 -0.6263121 1.3717504 -0.0196241 0.8608918 0.4784103 0.1720573
1341848003.685816 -0.4913194 -0.6233792 1.3694369 -0.0205351 0.8590291 0.4747947 0.1903087
1341848003.853971 -0.4756483 -0.6171845 1.3653249 -0.0273144 0.8550076 0.4710904 0.2151508
1341848003.985789 -0.4640003 -0.6106101 1.3590801 -0.0289043 0.8515521 0.4709056 0.2286295
1341848004.121698 -0.4515209 -0.6034912 1.3501631 -0.0266150 0.8477203 0.4711163 0.2423043
1341848004.257760 -0.4393260 -0.5954112 1.3437585 -0.0276232 0.8428137 0.4708518 0.2592308
1341848004.389781 -0.4260306 -0.5876200 1.3399469 -0.0335055 0.8353404 0.4704148 0.2824777
1341848004.525726 -0.4136562 -0.5807078 1.3392522 -0.0430836 0.8273627 0.4701599 0.3042440
1341848005.093879 -0.3835020 -0.5612668 1.3407977 -0.0603651 0.7955763 0.4810655 0.3633048
1341848005.225713 -0.3790998 -0.5603912 1.3414688 -0.0592465 0.7891734 0.4813230 0.3768599
1341848005.325870 -0.3755263 -0.5595807 1.3434179 -0.0610759 0.7855920 0.4788315 0.3870856
1341848005.461850 -0.3689597 -0.5598673 1.3459377 -0.0612127 0.7793235 0.4780594 0.4004586
1341848006.469715 -0.3305751 -0.5691612 1.3684604 -0.0341479 0.7499830 0.4333220 0.4985895
1341848006.601774 -0.3239462 -0.5718571 1.3727841 -0.0341192 0.7471871 0.4334837 0.5026322
1341848006.737817 -0.3170578 -0.5770558 1.3780853 -0.0323819 0.7473862 0.4323921 0.5033908
1341848007.534834 -0.2908819 -0.6237605 1.4281647 -0.0064575 0.7745128 0.4457672 0.4487537
1341848007.702797 -0.2852716 -0.6328965 1.4397582 -0.0032742 0.7792109 0.4549666 0.4310743
1341848007.866745 -0.2756271 -0.6411674 1.4484155 0.0001197 0.7883586 0.4591151 0.4095168
1341848008.775071 -0.2106601 -0.6815819 1.4955909 0.0179911 0.8125220 0.5041621 0.2920701
1341848009.142732 -0.1870519 -0.6908813 1.5109122 0.0082907 0.8235677 0.5063621 0.2554701
1341848009.274683 -0.1784910 -0.6907495 1.5161768 0.0124331 0.8265952 0.5153296 0.2258788
1341848009.410753 -0.1688660 -0.6910893 1.5216078 0.0099772 0.8287050 0.5224583 0.2004640
1341848009.578814 -0.1545039 -0.6903669 1.5269989 0.0063548 0.8299177 0.5260467 0.1856641
1341848009.710835 -0.1404676 -0.6894649 1.5288938 -0.0001515 0.8323181 0.5224318 0.1852339
1341848009.878688 -0.1231290 -0.6859125 1.5295129 0.0033748 0.8332992 0.5204915 0.1862515
1341848010.182709 -0.0961844 -0.6721905 1.5154513 0.0017169 0.8305970 0.5265375 0.1812838
1341848010.314754 -0.0861927 -0.6646510 1.5027655 0.0046614 0.8301975 0.5303400 0.1717262
1341848010.818844 -0.0664145 -0.6493572 1.4602920 0.0074244 0.8299647 0.5428730 0.1280327
1341848010.950793 -0.0643994 -0.6475562 1.4518389 0.0091052 0.8312595 0.5438573 0.1146466
1341848011.118701 -0.0606924 -0.6447304 1.4470309 0.0113731 0.8328631 0.5438232 0.1023043
1341848011.286627 -0.0570773 -0.6418052 1.4428475 0.0075415 0.8337592 0.5449170 0.0886241
1341848011.422722 -0.0530052 -0.6397642 1.4377902 0.0096677 0.8348828 0.5457285 0.0711171
1341848011.890689 -0.0490570 -0.6228753 1.4221412 0.0133890 0.8311368 0.5556130 0.0180717
1341848012.090822 -0.0508180 -0.6130404 1.4104598 0.0090186 0.8277270 0.5609982 0.0082332
1341848012.258713 -0.0497862 -0.6014563 1.3974543 0.0051259 0.8237125 0.5668544 0.0121446
1341848012.762672 -0.0416695 -0.5697051 1.3595657 -0.0362799 0.8124850 0.5788788 0.0587471
1341848012.894740 -0.0395335 -0.5629838 1.3542768 -0.0476779 0.8133895 0.5729206 0.0888048
1341848013.162759 -0.0313695 -0.5552294 1.3506154 -0.0636798 0.8109549 0.5654504 0.1362458
1341848013.298709 -0.0299089 -0.5515417 1.3514770 -0.0563298 0.8049753 0.5670975 0.1650522
1341848013.430850 -0.0228553 -0.5487328 1.3577240 -0.0653680 0.7996786 0.5659400 0.1896131
1341848013.566664 -0.0166634 -0.5481995 1.3577793 -0.0766643 0.7904881 0.5651615 0.2232570
1341848013.666669 -0.0115012 -0.5490481 1.3585455 -0.0778319 0.7852742 0.5625758 0.2465664
1341848013.802717 -0.0065469 -0.5481740 1.3630342 -0.0799675 0.7876922 0.5452986 0.2753099
1341848013.934871 -0.0012851 -0.5472054 1.3650023 -0.0838069 0.7830320 0.5383923 0.2999516
1341848014.070990 0.0050181 -0.5450108 1.3661928 -0.0852487 0.7740782 0.5341941 0.3288954
1341848014.202658 0.0167751 -0.5438058 1.3687416 -0.0995888 0.7630086 0.5311810 0.3546079
1341848014.338694 0.0300361 -0.5426991 1.3742779 -0.1026262 0.7551926 0.5216699 0.3834222
1341848014.470783 0.0428514 -0.5416448 1.3797467 -0.1082555 0.7437095 0.5072358 0.4217685
1341848014.638688 0.0575545 -0.5431693 1.3880777 -0.1090063 0.7322413 0.4860751 0.4644042
1341848014.774750 0.0697180 -0.5457391 1.3934069 -0.1013731 0.7276589 0.4707523 0.4884960
1341848014.906647 0.0775901 -0.5461355 1.3967588 -0.0863807 0.7161177 0.4626112 0.5154656
1341848015.042593 0.0841030 -0.5434045 1.4003391 -0.0883472 0.6991884 0.4650964 0.5357385
1341848015.310598 0.0995688 -0.5355487 1.4033427 -0.1095037 0.6637651 0.4588849 0.5803874
1341848015.510927 0.1083459 -0.5325391 1.4034224 -0.1054244 0.6286583 0.4469148 0.6276478
1341848015.617769 0.1102538 -0.5313853 1.4037374 -0.1030249 0.6084729 0.4372865 0.6541614
1341848015.685811 0.1119705 -0.5304844 1.4038620 -0.1045106 0.5958982 0.4288940 0.6708449
1341848016.121844 0.1151798 -0.5377560 1.4047480 -0.0892179 0.5500777 0.3666714 0.7449878
1341848016.389789 0.1133585 -0.5421754 1.4067898 -0.0933709 0.5518868 0.3689673 0.7420013
1341848016.589825 0.1085826 -0.5457449 1.4120524 -0.0720863 0.5636002 0.3754554 0.7322510
1341848016.657837 0.1071540 -0.5468508 1.4150292 -0.0626885 0.5653450 0.3817284 0.7285181
1341848016.757848 0.1046917 -0.5508219 1.4207929 -0.0602214 0.5677847 0.3806894 0.7273716
1341848016.818817 0.1010419 -0.5548069 1.4233885 -0.0597179 0.5671697 0.3814933 0.7274718
1341848016.918907 0.0956187 -0.5589951 1.4293737 -0.0580266 0.5672550 0.3826947 0.7269109
1341848016.986658 0.0922393 -0.5626168 1.4328879 -0.0611563 0.5677623 0.3819260 0.7266626
1341848017.086845 0.0873199 -0.5673016 1.4386607 -0.0622631 0.5723142 0.3856873 0.7209890
1341848017.254693 0.0779568 -0.5774462 1.4456125 -0.0593259 0.5920849 0.3925314 0.7013095
1341848017.454792 0.0592647 -0.5886216 1.4508592 -0.0344260 0.6164839 0.3952575 0.6800985
1341848017.554797 0.0530479 -0.5929936 1.4531380 -0.0323735 0.6265464 0.3950179 0.6710832
1341848017.822756 0.0394626 -0.6030046 1.4580090 -0.0103507 0.6496803 0.3938782 0.6501294
1341848017.958643 0.0344065 -0.6072422 1.4620564 -0.0102006 0.6557307 0.3941648 0.6438535
1341848018.159145 0.0289499 -0.6122155 1.4682992 -0.0103063 0.6656456 0.4028155 0.6281316
1341848018.290747 0.0261667 -0.6173489 1.4748782 -0.0082915 0.6743972 0.4091909 0.6145589
1341848018.465663 0.0263700 -0.6248519 1.4876319 -0.0044133 0.6855407 0.4209206 0.5940037
1341848018.633687 0.0242078 -0.6332935 1.5036457 -0.0031817 0.6989134 0.4268789 0.5738332
1341848018.802234 0.0246677 -0.6455107 1.5224915 -0.0068631 0.7080523 0.4333496 0.5575150
1341848019.002336 0.0228870 -0.6615683 1.5400593 -0.0016217 0.7160183 0.4338301 0.5469065
1341848019.198644 0.0202906 -0.6754879 1.5550849 -0.0036037 0.7270381 0.4363630 0.5300850
1341848019.398715 0.0168860 -0.6895600 1.5769901 -0.0107089 0.7435555 0.4410409 0.5024872
1341848019.630654 0.0139551 -0.7092071 1.6091526 -0.0065193 0.7608662 0.4427937 0.4743141
1341848019.866778 0.0157568 -0.7237419 1.6358569 -0.0067030 0.7709905 0.4491740 0.4514106
1341848020.066696 0.0191071 -0.7328438 1.6522957 -0.0011634 0.7841902 0.4573892 0.4193321
1341848020.302754 0.0272956 -0.7429909 1.6686954 -0.0033887 0.8008677 0.4591478 0.3844251
1341848020.570790 0.0441146 -0.7555916 1.6884928 0.0066306 0.8231329 0.4578989 0.3357633
1341848020.870955 0.0663569 -0.7682225 1.7085086 0.0110027 0.8292918 0.4731847 0.2970698
1341848021.142795 0.0861869 -0.7792429 1.7234864 0.0109629 0.8367761 0.4769911 0.2686355
1341848021.414272 0.1130699 -0.7901701 1.7383337 0.0132486 0.8549537 0.4680318 0.2232149
1341848021.643147 0.1390899 -0.8016271 1.7537730 0.0155055 0.8671889 0.4621255 0.1848871
1341848021.910628 0.1711497 -0.8080367 1.7647160 0.0084682 0.8720323 0.4652511 0.1517545
1341848022.146749 0.2031302 -0.8094668 1.7638867 0.0015394 0.8800213 0.4588225 0.1226468
1341848022.354110 0.2280445 -0.8090708 1.7551101 0.0104795 0.8874151 0.4523139 0.0882988
1341848022.586067 0.2534406 -0.8165083 1.7452433 0.0172492 0.8947335 0.4431939 0.0522845
1341848022.814772 0.2764360 -0.8191360 1.7367643 0.0193790 0.8940383 0.4474925 0.0083937
1341848023.082738 0.3114848 -0.8090200 1.7180117 0.0014651 -0.8841403 -0.4629706 0.0628663
1341848023.318763 0.3386102 -0.8011299 1.7109811 0.0042228 -0.8706502 -0.4780365 0.1158952
1341848023.555068 0.3630614 -0.7844990 1.6983212 0.0128082 -0.8592169 -0.4876429 0.1542293
1341848023.754690 0.3783982 -0.7780371 1.6843041 0.0096195 -0.8577082 -0.4806198 0.1823423
1341848023.990739 0.3908427 -0.7669195 1.6595908 0.0104922 -0.8525112 -0.4744580 0.2190987
1341848024.222838 0.3995752 -0.7579854 1.6358377 -0.0082404 -0.8441968 -0.4737311 0.2506846
1341848024.458795 0.4075762 -0.7434811 1.6138028 -0.0057186 -0.8317457 -0.4791755 0.2802807
1341848024.658717 0.4181412 -0.7316063 1.5997041 -0.0013398 -0.8201417 -0.4844402 0.3044398
1341848024.862797 0.4339727 -0.7190174 1.5863960 -0.0043532 -0.8112918 -0.4828204 0.3296533
1341848025.062647 0.4558100 -0.7109833 1.5767325 -0.0159799 -0.8052542 -0.4774978 0.3511499
1341848025.262679 0.4774380 -0.7010869 1.5659087 -0.0191888 -0.7967635 -0.4747644 0.3733609
1341848025.462832 0.4925506 -0.6936609 1.5549978 -0.0177633 -0.7906808 -0.4738690 0.3872422
1341848025.698755 0.5072979 -0.6857839 1.5434563 -0.0155191 -0.7817580 -0.4738646 0.4050505
1341848025.934824 0.5184181 -0.6749216 1.5299408 -0.0204261 -0.7744855 -0.4693283 0.4236579
1341848026.134670 0.5301751 -0.6643084 1.5178181 -0.0291481 -0.7660555 -0.4644862 0.4433530
1341848026.302861 0.5402750 -0.6561638 1.5091685 -0.0435997 -0.7568228 -0.4631916 0.4590989
1341848026.470839 0.5490254 -0.6482579 1.4998623 -0.0478582 -0.7522030 -0.4562480 0.4730094
1341848026.641972 0.5586194 -0.6413856 1.4898100 -0.0439727 -0.7485877 -0.4506703 0.4843338
1341848026.770813 0.5684201 -0.6359650 1.4816954 -0.0416860 -0.7473772 -0.4490446 0.4879022
1341848027.106663 0.6045821 -0.6205748 1.4634426 -0.0400927 -0.7421732 -0.4537454 0.4916164
1341848027.207212 0.6180701 -0.6185288 1.4594809 -0.0391972 -0.7424425 -0.4481123 0.4964252
1341848027.374943 0.6393822 -0.6139163 1.4517517 -0.0400394 -0.7426187 -0.4394389 0.5037933
1341848027.506714 0.6571317 -0.6108227 1.4451785 -0.0368586 -0.7498031 -0.4308894 0.5007704
1341848027.642684 0.6710236 -0.6081583 1.4390708 -0.0343122 -0.7568472 -0.4271063 0.4935435
1341848027.810746 0.6842966 -0.6032077 1.4300470 -0.0313183 -0.7603403 -0.4286688 0.4869753
1341848027.942732 0.6930073 -0.5971525 1.4208832 -0.0271281 -0.7616717 -0.4344293 0.4799910
1341848028.078967 0.7004260 -0.5916427 1.4076682 -0.0225309 -0.7644209 -0.4346711 0.4756196
1341848028.254235 0.7062209 -0.5855955 1.3946245 -0.0245673 -0.7684676 -0.4282315 0.4748388
1341848028.414628 0.7113937 -0.5790899 1.3780820 -0.0261216 -0.7680563 -0.4218405 0.4811008
1341848028.546612 0.7186011 -0.5718163 1.3652396 -0.0301516 -0.7672960 -0.4170090 0.4862627
1341848028.850773 0.7363373 -0.5573144 1.3341497 -0.0317317 -0.7674150 -0.4157064 0.4870888
1341848029.018728 0.7443458 -0.5511459 1.3194691 -0.0354825 -0.7661528 -0.4203192 0.4848532
1341848029.182676 0.7516378 -0.5435016 1.3067651 -0.0318129 -0.7622676 -0.4233434 0.4885862
1341848029.554721 0.7760431 -0.5281088 1.2815161 -0.0249034 -0.7513493 -0.4191697 0.5090687
1341848029.718752 0.7930886 -0.5231783 1.2714342 -0.0287789 -0.7452294 -0.4116513 0.5237825
1341848030.054776 0.8242700 -0.5092508 1.2544947 -0.0342112 -0.7289265 -0.4041020 0.5515408
1341848030.222713 0.8349429 -0.5029032 1.2456449 -0.0337141 -0.7195073 -0.4031281 0.5645002
1341848030.390832 0.8429762 -0.4954124 1.2361863 -0.0331639 -0.7065994 -0.4035788 0.5802945
1341848030.565795 0.8495498 -0.4858630 1.2262856 -0.0328649 -0.6968639 -0.4019012 0.5931070
1341848030.758759 0.8574444 -0.4758070 1.2108674 -0.0384349 -0.6874342 -0.3896675 0.6116504
1341848031.094761 0.8768259 -0.4619088 1.1787120 -0.0532169 -0.6759776 -0.3556788 0.6432068
1341848031.230953 0.8841492 -0.4559630 1.1658248 -0.0587699 -0.6753945 -0.3499682 0.6464601
1341848031.363008 0.8895837 -0.4519295 1.1534753 -0.0640543 -0.6726410 -0.3489013 0.6493989
1341848031.502110 0.8955151 -0.4492144 1.1441455 -0.0588724 -0.6675127 -0.3480601 0.6556029
1341848031.930844 0.9199146 -0.4400391 1.1198416 -0.0497931 -0.6428580 -0.3257338 0.6914851
1341848032.098732 0.9312814 -0.4347440 1.1087118 -0.0480026 -0.6343465 -0.3193158 0.7023800
1341848032.234663 0.9418513 -0.4299931 1.0997822 -0.0474055 -0.6316078 -0.3172996 0.7057940
1341848032.802941 0.9721168 -0.4122826 1.0593531 -0.0362389 -0.6244873 -0.3014742 0.7195941
1341848032.970816 0.9787256 -0.4039065 1.0460737 -0.0362172 -0.6236741 -0.2998235 0.7209889
1341848033.106948 0.9781547 -0.3993276 1.0351869 -0.0337448 -0.6188687 -0.2956334 0.7269551
1341848033.374810 0.9809799 -0.3869173 1.0132251 -0.0397566 -0.6040428 -0.2854148 0.7430276
1341848033.542876 0.9807500 -0.3803434 0.9994353 -0.0404233 -0.5985429 -0.2817915 0.7488030
1341848033.710808 0.9822372 -0.3760863 0.9875997 -0.0452993 -0.5922585 -0.2756016 0.7557920
1341848033.978916 0.9853398 -0.3702295 0.9719003 -0.0407234 -0.5793762 -0.2633233 0.7702764
1341848034.318061 0.9978516 -0.3667437 0.9542294 -0.0310021 -0.5477458 -0.2306889 0.8036144
1341848034.453838 1.0056353 -0.3629993 0.9447517 -0.0332794 -0.5406711 -0.2220245 0.8107234
1341848034.715163 1.0202010 -0.3476328 0.9199756 -0.0361967 -0.5348183 -0.2235485 0.8140548
1341848034.846851 1.0262804 -0.3379509 0.9095578 -0.0383412 -0.5329545 -0.2255000 0.8146405
1341848035.050945 1.0298314 -0.3276933 0.8988104 -0.0420549 -0.5234583 -0.2259962 0.8204563
1341848035.251174 1.0303876 -0.3173439 0.8861361 -0.0429184 -0.5166966 -0.2273852 0.8243049
1341848035.422709 1.0293458 -0.3116872 0.8729948 -0.0443053 -0.5154947 -0.2178447 0.8275542
1341848035.755991 1.0233397 -0.2977522 0.8443547 -0.0555647 -0.5014192 -0.1925815 0.8416672
1341848035.922832 1.0202157 -0.2929938 0.8306832 -0.0596524 -0.4924906 -0.1829436 0.8487793
1341848036.290758 1.0116291 -0.2802104 0.8023496 -0.0645784 -0.4803426 -0.1756002 0.8568928
1341848036.658670 1.0012289 -0.2642985 0.7681665 -0.0567380 -0.4645538 -0.1648168 0.8682200
1341848037.026790 0.9956025 -0.2470067 0.7203634 -0.0438807 -0.4454929 -0.1393980 0.8832773
1341848037.162789 0.9937638 -0.2411603 0.7038432 -0.0331587 -0.4452395 -0.1320303 0.8850030
1341848037.494842 0.9853091 -0.2253637 0.6586449 -0.0030371 -0.4565646 -0.1285767 0.8803452
1341848037.730964 0.9729892 -0.2139830 0.6369258 0.0016420 -0.4450448 -0.1340324 0.8854195
1341848037.930939 0.9597185 -0.2032170 0.6211736 -0.0074992 -0.4290022 -0.1249793 0.8945844
1341848038.134662 0.9435625 -0.1920347 0.6070009 -0.0216135 -0.4089329 -0.1231912 0.9039528
1341848038.374117 0.9280436 -0.1827875 0.5899840 -0.0225977 -0.3921958 -0.1223588 0.9114275
1341848038.670685 0.9111977 -0.1722353 0.5610106 -0.0105769 -0.3826712 -0.1196451 0.9160436
1341848039.106775 0.8970987 -0.1470133 0.5147605 -0.0112237 -0.3604273 -0.1034243 0.9269680
1341848039.374766 0.8942726 -0.1323334 0.4874318 -0.0102371 -0.3492806 -0.0941889 0.9322160
1341848039.574890 0.8855084 -0.1242111 0.4722124 -0.0108691 -0.3382634 -0.0962145 0.9360569
1341848039.974815 0.8575633 -0.1073431 0.4443130 -0.0039863 -0.3183214 -0.0924740 0.9434533
1341848040.278950 0.8308268 -0.0946914 0.4260193 -0.0205353 -0.2940043 -0.0797388 0.9522508
1341848040.446720 0.8180774 -0.0915411 0.4134923 -0.0223542 -0.2842612 -0.0635062 0.9563801
1341848040.614917 0.8059341 -0.0911531 0.4012336 -0.0209307 -0.2784580 -0.0563010 0.9585684
1341848040.946862 0.7795841 -0.0872158 0.3861466 -0.0026027 -0.2243220 -0.0423342 0.9735917
1341848041.122188 0.7705413 -0.0793545 0.3782618 -0.0115492 -0.2037191 -0.0219290 0.9787156
1341848041.319290 0.7541711 -0.0719486 0.3741352 -0.0268398 -0.1869847 -0.0031363 0.9819911
1341848041.482801 0.7416456 -0.0682078 0.3698409 -0.0319781 -0.1694270 0.0008956 0.9850234
1341848041.994975 0.6785747 -0.0668768 0.3692045 -0.0294282 -0.1314114 0.0337847 0.9903149
1341848042.390711 0.6317919 -0.0747970 0.3743371 -0.0371327 -0.0968226 0.0516823 0.9932651
1341848042.558691 0.6112258 -0.0734463 0.3784200 -0.0414617 -0.0743444 0.0656386 0.9942060
1341848042.861726 0.5788853 -0.0677785 0.3775062 -0.0430443 -0.0311478 0.0981406 0.9937532
1341848043.030335 0.5635165 -0.0667475 0.3771047 -0.0441393 -0.0124774 0.1108949 0.9927731
1341848043.401743 0.5225447 -0.0695846 0.3847436 -0.0433707 0.0221448 0.1238986 0.9910993
1341848043.569664 0.5057628 -0.0740418 0.3906518 -0.0421792 0.0302011 0.1342025 0.9895951
1341848044.073762 0.4532598 -0.0922807 0.4226241 -0.0499302 0.0525086 0.1482620 0.9862902
1341848044.273822 0.4370092 -0.0987222 0.4337864 -0.0544547 0.0589230 0.1524982 0.9850417
1341848044.573760 0.4181049 -0.1047948 0.4526771 -0.0603184 0.0884041 0.1763857 0.9784858
1341848045.038733 0.3793775 -0.1121374 0.4734188 -0.0531762 0.1240991 0.2210385 0.9658746
1341848045.202698 0.3688918 -0.1159747 0.4858270 -0.0580743 0.1297447 0.2217622 0.9646840
1341848045.538886 0.3439941 -0.1307276 0.5150287 -0.0649215 0.1349048 0.2141855 0.9652515
1341848045.674943 0.3346685 -0.1356809 0.5273276 -0.0656895 0.1304397 0.2119853 0.9662984
1341848045.842865 0.3229431 -0.1418704 0.5435405 -0.0649904 0.1220808 0.2051787 0.9689037
1341848046.110817 0.3046626 -0.1452373 0.5659183 -0.0647676 0.0977328 0.1860558 0.9755187
1341848046.283599 0.2906058 -0.1470315 0.5746687 -0.0673743 0.0870021 0.1692278 0.9794148
1341848046.586076 0.2634196 -0.1449818 0.5808912 -0.0739290 0.0728332 0.1476164 0.9835849
1341848046.714925 0.2507683 -0.1412403 0.5776080 -0.0681297 0.0628606 0.1436764 0.9852736
1341848047.015086 0.2206959 -0.1319683 0.5644865 -0.0629993 0.0584682 0.1390664 0.9865460
1341848047.182713 0.2040358 -0.1293921 0.5575334 -0.0683820 0.0552456 0.1350470 0.9869317
1341848047.518733 0.1663542 -0.1257818 0.5385556 -0.0662108 0.0335293 0.1231525 0.9896087
1341848047.689728 0.1485300 -0.1260359 0.5317124 -0.0615753 0.0258002 0.1177722 0.9907939
1341848047.850811 0.1331788 -0.1272672 0.5279129 -0.0652897 0.0243597 0.1136695 0.9910717
1341848048.054937 0.1115581 -0.1290385 0.5241800 -0.0613057 0.0267306 0.1122826 0.9914231
1341848048.422649 0.0740110 -0.1358814 0.5182698 -0.0550185 0.0484850 0.1146087 0.9907003
1341848048.590630 0.0569384 -0.1371895 0.5131153 -0.0432968 0.0545797 0.1165256 0.9907413
1341848048.791156 0.0421383 -0.1414711 0.5073000 -0.0292139 0.0572494 0.1207090 0.9906051
1341848048.958953 0.0271902 -0.1457997 0.5019717 -0.0156674 0.0562951 0.1131897 0.9918536
1341848049.326837 -0.0056075 -0.1471007 0.4862216 0.0095578 0.0521903 0.0980027 0.9937708
1341848049.662690 -0.0399768 -0.1412059 0.4664149 0.0179634 0.0572689 0.1112508 0.9919782
1341848049.869834 -0.0685968 -0.1341347 0.4535511 0.0156658 0.0476092 0.1071129 0.9929828
1341848050.366746 -0.1230259 -0.1255346 0.4387597 0.0130487 0.0146036 0.0753452 0.9969652
1341848050.466655 -0.1324909 -0.1271737 0.4375269 0.0093777 0.0057491 0.0669989 0.9976924
1341848051.002763 -0.1862637 -0.1299464 0.4299532 0.0161200 -0.0462319 0.0280762 0.9984060
1341848051.070784 -0.1921709 -0.1312091 0.4281824 0.0164109 -0.0525005 0.0248981 0.9981756
1341848051.874951 -0.2168803 -0.1240173 0.4063240 0.0711231 -0.1423870 -0.0631473 0.9852309
1341848052.110964 -0.2090348 -0.1167565 0.4015721 0.0619929 -0.1416457 -0.0925508 0.9836299
1341848052.211397 -0.2028633 -0.1140595 0.3979529 0.0604484 -0.1367561 -0.1033740 0.9833400
1341848052.412309 -0.1893519 -0.1076935 0.3873930 0.0556652 -0.1229600 -0.1165491 0.9839708
1341848052.543277 -0.1791524 -0.1030297 0.3806081 0.0622960 -0.1179347 -0.1234491 0.9833468
1341848052.646710 -0.1696141 -0.1020184 0.3761714 0.0609501 -0.1135967 -0.1364852 0.9822183
1341848052.778710 -0.1603227 -0.0921326 0.3622921 0.0602361 -0.1069678 -0.1375339 0.9828601
1341848052.878813 -0.1479499 -0.0932420 0.3598797 0.0602106 -0.0995940 -0.1422790 0.9829611
1341848053.014784 -0.1349413 -0.0905096 0.3504482 0.0563832 -0.0833317 -0.1389372 0.9851767
1341848053.589737 -0.0878545 -0.0760332 0.3203638 0.0499380 -0.0120665 -0.0811914 0.9953736
1341848054.019304 -0.0769367 -0.0678015 0.3004928 0.0382269 0.0554893 0.0018072 0.9977256
1341848054.991052 -0.0958219 -0.0658837 0.2191952 0.0326023 0.0947224 0.0813722 0.9916367
1341848055.258881 -0.1058186 -0.0493012 0.1852003 0.0511676 0.1083400 0.0991783 0.9878300
1341848055.526713 -0.1254968 -0.0374232 0.1507877 0.0501907 0.1218450 0.1030856 0.9859047
1341848055.762799 -0.1450747 -0.0264046 0.1297283 0.0462372 0.1459621 0.1120006 0.9818417
1341848056.198744 -0.1912199 -0.0216445 0.1138708 0.0544080 0.1660893 0.1367114 0.9750714
1341848056.466830 -0.2399118 -0.0207234 0.1153074 0.0434274 0.1517461 0.1550165 0.9752216
1341848056.734784 -0.2891199 -0.0229422 0.1205238 0.0288090 0.1344316 0.1605737 0.9774018
1341848056.966788 -0.3188864 -0.0314611 0.1244628 0.0202089 0.1312424 0.1521315 0.9793994
1341848057.202641 -0.3477085 -0.0334148 0.1267684 0.0094505 0.1399177 0.1458407 0.9793183
1341848057.402722 -0.3816030 -0.0301730 0.1313187 -0.0044710 0.1504783 0.1469241 0.9776245
1341848057.638819 -0.4206958 -0.0291787 0.1323703 -0.0171360 0.1685540 0.1655860 0.9715335
1341848057.874817 -0.4620440 -0.0316144 0.1348867 -0.0179442 0.1882725 0.1884793 0.9636945
1341848058.075970 -0.4978151 -0.0343846 0.1385492 -0.0140224 0.1835921 0.1922394 0.9639198
1341848058.310701 -0.5358738 -0.0474074 0.1506883 -0.0047902 0.1733559 0.1799432 0.9682692
1341848058.510788 -0.5582688 -0.0525423 0.1602681 0.0019303 0.1749430 0.1857840 0.9668896
1341848058.678730 -0.5729775 -0.0613069 0.1730632 0.0047906 0.1827931 0.1971389 0.9631719
1341848058.879577 -0.5883265 -0.0620332 0.1824809 0.0072235 0.1949623 0.2033840 0.9594647
1341848059.078771 -0.5948699 -0.0678678 0.1888571 0.0123177 0.2070516 0.2104683 0.9553434
1341848059.882730 -0.6077484 -0.0685645 0.1892721 0.0360527 0.2614473 0.2142900 0.9404389
1341848060.254799 -0.6124814 -0.0645752 0.1826639 0.0565600 0.2670402 0.1942413 0.9422106
1341848061.197947 -0.5705277 -0.0681548 0.1824326 0.0840194 0.2583594 0.1685766 0.9475089
1341848061.426913 -0.5530173 -0.0702478 0.1762654 0.1008317 0.2575708 0.1720079 0.9454647
1341848063.102822 -0.4761085 -0.0681365 0.1833646 0.0827667 0.2052800 0.1479380 0.9639109
1341848063.370653 -0.4496099 -0.0615110 0.1755912 0.0805668 0.1911389 0.1340631 0.9690212
1341848063.709890 -0.4227831 -0.0578700 0.1818954 0.0614468 0.1865279 0.1331347 0.9714457
1341848064.013951 -0.3918042 -0.0640908 0.1976683 0.0618485 0.1744184 0.1241153 0.9748582
1341848064.617693 -0.2995516 -0.0848766 0.2300193 0.0685276 0.1702996 0.1149688 0.9762603
1341848064.910832 -0.2695550 -0.0811304 0.2310027 0.0706397 0.1578618 0.1196702 0.9776343
1341848065.814742 -0.1808116 -0.0709906 0.2209146 0.0777102 0.1199761 0.0970909 0.9849570
1341848066.186782 -0.1604709 -0.0628629 0.2216545 0.0593197 0.0743287 0.0758724 0.9925723
1341848066.555107 -0.1281417 -0.0698177 0.2333572 0.0656367 0.0532857 0.0615648 0.9945161
1341848066.862103 -0.0959856 -0.0753908 0.2443482 0.0767190 0.0474780 0.0314710 0.9954243
1341848067.222948 -0.0688273 -0.0789913 0.2513165 0.0779787 0.0419068 0.0190404 0.9958919
1341848067.526659 -0.0512003 -0.0754018 0.2476315 0.0759086 0.0462256 0.0405967 0.9952151
