1341847980.722988 0.0000000 0.0000000 0.0000000 -0.0000000 -0.0000000 -0.0000000 1.0000000
1341847982.462624 -0.1773948 0.0101549 -0.0415784 0.0100991 0.0193872 0.0085656 0.9997244
1341847982.498616 -0.1821414 0.0127032 -0.0421648 0.0102485 0.0225910 0.0090401 0.9996514
1341847982.630723 -0.1999562 0.0093695 -0.0366832 0.0033627 0.0319908 0.0123827 0.9994058
1341847983.066707 -0.3363494 0.0138570 -0.0212434 0.0014829 0.0543848 0.0220634 0.9982752
1341847983.302701 -0.3994810 0.0069811 -0.0221045 -0.0044419 0.0541322 0.0248612 0.9982144
1341847983.702857 -0.5425863 -0.0018979 -0.0234651 0.0023446 0.0756751 0.0264620 0.9967786
1341847983.906692 -0.6358658 0.0083077 -0.0331426 0.0132586 0.0763623 0.0354228 0.9963625
1341847984.106759 -0.7115206 0.0236090 -0.0357183 0.0036727 0.0870631 0.0310283 0.9957127
1341847984.442894 -0.8337392 0.0359196 0.0145879 -0.0151914 0.0865245 0.0335568 0.9955686
1341847984.810639 -0.9357210 0.0063033 0.1367666 -0.0075345 0.0938339 0.0381504 0.9948281
1341847985.046612 -0.9730952 -0.0378574 0.2153737 -0.0126712 0.0939822 0.0509780 0.9941871
1341847985.414650 -1.0196594 -0.1014647 0.3374938 -0.0139943 0.1251110 0.0566921 0.9904228
1341847985.682842 -1.0586615 -0.1392658 0.4346442 -0.0064269 0.1453464 0.0658179 0.9871683
1341847985.950751 -1.1071711 -0.1978999 0.5179489 0.0104034 0.1643879 0.0847493 0.9826933
1341847986.218674 -1.1378233 -0.2425658 0.6024311 0.0087440 0.1893168 0.0926694 0.9774943
1341847986.457691 -1.1512637 -0.2898302 0.6805792 0.0134342 0.2114080 0.1032913 0.9718318
1341847986.886746 -1.1739243 -0.3560688 0.8415290 0.0060283 0.2373131 0.1331810 0.9622416
1341847987.190716 -1.1867874 -0.4012933 0.9420225 -0.0104151 0.2605926 0.1423160 0.9548451
1341847987.390720 -1.2013260 -0.4254867 1.0090401 -0.0103887 0.2910335 0.1377048 0.9466937
1341847987.726721 -1.2493906 -0.4169274 1.1150556 0.0127131 0.3266980 0.1558160 0.9321095
1341847988.065746 -1.2983291 -0.4347763 1.2175173 0.0253983 0.3321616 0.1603844 0.9291396
1341847988.301776 -1.3219166 -0.4392912 1.2704123 0.0292989 0.3377464 0.1586344 0.9273101
1341847988.637768 -1.3520782 -0.4400676 1.3306409 0.0215606 0.3460209 0.1747137 0.9215638
1341847989.034678 -1.4315281 -0.4607250 1.3649654 0.0120743 0.3626866 0.1941976 0.9113726
1341847989.202743 -1.4778988 -0.4874722 1.3856475 0.0185115 0.3643596 0.1946653 0.9104970
1341847989.502614 -1.5683625 -0.5301818 1.3925575 0.0086824 0.3595511 0.1686445 0.9177182
1341847989.938921 -1.6886876 -0.5646708 1.4076318 0.0071732 0.3804840 0.1687080 0.9092404
1341847990.274709 -1.8116968 -0.5940985 1.4173706 0.0144602 0.3810319 0.1733321 0.9080537
1341847990.642783 -1.9192343 -0.6137599 1.4381969 0.0068525 0.3829074 0.1816807 0.9057191
1341847991.178778 -2.0266924 -0.6525037 1.4948010 0.0092548 0.4095240 0.2049386 0.8889346
1341847991.578804 -2.1068959 -0.6894705 1.5671695 0.0119787 0.4264622 0.2335739 0.8737447
1341847991.950761 -2.1423798 -0.7402899 1.6050308 0.0128596 0.4628696 0.2526238 0.8495691
1341847992.350695 -2.2152617 -0.7909905 1.6800777 0.0107757 0.4946986 0.2541769 0.8309942
1341847992.654692 -2.2913337 -0.8300341 1.7428150 0.0141432 0.5117143 0.2715477 0.8149911
1341847993.022736 -2.3591425 -0.8718940 1.8206964 0.0086952 0.5261072 0.2769231 0.8040206
1341847993.390722 -2.3935089 -0.9199158 1.9091749 0.0104680 0.5454373 0.2841208 0.7884567
1341847993.590981 -2.4110627 -0.9457130 1.9711044 0.0139763 0.5546440 0.2980435 0.7767527
1341847993.826735 -2.4223356 -0.9776080 2.0406828 -0.0015052 0.5625221 0.3039237 0.7688934
1341847994.133885 -2.4290807 -1.0365015 2.1050441 -0.0069339 0.5794402 0.3020492 0.7569460
1341847994.401655 -2.4600871 -1.0840831 2.1656671 0.0098579 0.5969045 0.3056797 0.7417330
1341847994.637836 -2.4959543 -1.1268188 2.2391779 0.0181436 0.6066827 0.3172458 0.7286714
1341847994.831306 -2.5251324 -1.1556439 2.3028631 0.0092720 0.6179406 0.3264126 0.7152050
1341847995.166644 -2.5358086 -1.1975765 2.3856435 0.0065265 0.6390067 0.3412477 0.6893314
1341847995.502702 -2.5412948 -1.2413707 2.4639194 0.0097717 0.6566890 0.3447026 0.6707042
1341847995.938733 -2.5247643 -1.2786984 2.5531015 0.0094580 0.6604171 0.3690118 0.6539037
1341847996.270754 -2.5271590 -1.3044103 2.5864995 0.0123370 0.6817715 0.3676693 0.6323407
1341847996.642752 -2.5475898 -1.3294280 2.6445079 0.0186848 0.6972398 0.3774443 0.6091334
1341847996.742663 -2.5485713 -1.3349295 2.6652765 0.0077895 0.7023315 0.3802961 0.6017016
1341847997.010744 -2.5590737 -1.3692946 2.7398160 0.0140854 0.7107753 0.3892871 0.5857095
1341847997.242959 -2.5748725 -1.4047682 2.8152189 0.0123584 0.7136380 0.3833311 0.5861956
1341847997.510941 -2.5681171 -1.4468708 2.8739908 0.0105901 0.7265828 0.3811910 0.5715407
1341847997.678842 -2.5435865 -1.4804612 2.9170318 0.0097609 0.7372917 0.3762917 0.5609905
1341847997.946999 -2.5069232 -1.5272797 2.9971905 0.0217670 0.7474636 0.3781956 0.5457036
1341847998.082631 -2.4850137 -1.5528440 3.0367715 0.0267559 0.7477216 0.3827144 0.5419651
1341847998.253760 -2.4623513 -1.5794361 3.0790248 0.0226837 0.7437857 0.3857456 0.5454067
1341847998.450786 -2.4379478 -1.6115963 3.1384454 0.0135840 0.7398683 0.3815708 0.5539081
1341847998.618771 -2.4199424 -1.6361842 3.1954188 0.0040576 0.7367218 0.3797053 0.5595074
1341847998.786762 -2.4076514 -1.6594899 3.2572060 -0.0001238 0.7373890 0.3820382 0.5570497
1341847998.954799 -2.4017150 -1.6820838 3.3212380 -0.0006794 0.7385923 0.3887653 0.5507654
1341847999.290995 -2.3687484 -1.7172520 3.4158516 -0.0019845 0.7494405 0.3958508 0.5306950
1341847999.490878 -2.3494790 -1.7409496 3.4563017 0.0121679 0.7633106 0.3974474 0.5091606
1341847999.826747 -2.2710338 -1.7639228 3.5094595 0.0273988 0.7872043 0.4094386 0.4603463
1341848000.058724 -2.2093432 -1.7594790 3.5349886 0.0312959 0.7939516 0.4357320 0.4228464
1341848000.594838 -2.0737009 -1.7414651 3.5440164 0.0179352 0.8030922 0.4670794 0.3695376
1341848000.898723 -1.9874895 -1.7539463 3.5526321 0.0300184 0.8191653 0.4646067 0.3349742
1341848001.266775 -1.8693010 -1.7581840 3.5774047 0.0298970 0.8302592 0.4648964 0.3060183
1341848001.567011 -1.7841363 -1.7326090 3.5675571 0.0137158 0.8481735 0.4638422 0.2554685
1341848001.902749 -1.6948450 -1.7122500 3.5414650 0.0106768 0.8629447 0.4643062 0.1990781
1341848002.202698 -1.6149597 -1.6970875 3.5119178 0.0237338 0.8661925 0.4727987 0.1600273
1341848002.538812 -1.5364208 -1.6634686 3.4881754 0.0123575 0.8655891 0.4847351 0.1250384
1341848002.774760 -1.4833394 -1.6313930 3.4860013 0.0008926 0.8601062 0.4971976 0.1140663
1341848002.906656 -1.4462534 -1.6160243 3.4818716 0.0059695 0.8610121 0.4957380 0.1134301
1341848003.074988 -1.4009914 -1.6094549 3.4833391 0.0047058 0.8635312 0.4878029 0.1278280
1341848003.310739 -1.3408420 -1.5930514 3.4782112 -0.0128775 0.8648769 0.4837934 0.1332889
1341848003.410779 -1.3121960 -1.5872090 3.4812644 -0.0212493 0.8664390 0.4781704 0.1420735
1341848003.478703 -1.2921972 -1.5812733 3.4831574 -0.0212114 0.8657305 0.4762528 0.1524604
1341848003.649972 -1.2486255 -1.5665143 3.4778295 -0.0221354 0.8613694 0.4728827 0.1842139
1341848003.853971 -1.2008550 -1.5475950 3.4608397 -0.0296991 0.8563904 0.4687864 0.2143661
1341848004.121698 -1.1408854 -1.5121924 3.4195256 -0.0283125 0.8485100 0.4697490 0.2420020
1341848004.321820 -1.0910257 -1.4853525 3.3993154 -0.0323174 0.8401204 0.4696584 0.2693960
1341848004.557784 -1.0393991 -1.4485954 3.3896255 -0.0449189 0.8248728 0.4705596 0.3100660
1341848005.257748 -0.9534452 -1.4031907 3.4002304 -0.0625392 0.7894630 0.4787463 0.3789973
1341848006.233778 -0.8592091 -1.4199853 3.4441338 -0.0422223 0.7568989 0.4427883 0.4788108
1341848006.937738 -0.7855401 -1.4592477 3.5134859 -0.0231543 0.7530757 0.4285055 0.4987223
1341848007.634799 -0.7334037 -1.5662937 3.6321192 -0.0082982 0.7796153 0.4425430 0.4430426
1341848008.238657 -0.6401455 -1.6353655 3.7231691 0.0079736 0.8024982 0.4775315 0.3576266
1341848008.775071 -0.5434527 -1.6971717 3.7844558 0.0188286 0.8134679 0.5015038 0.2939546
1341848009.174693 -0.4770010 -1.7227108 3.8281388 0.0072043 0.8273002 0.5028442 0.2503403
1341848009.479022 -0.4236033 -1.7243428 3.8573129 0.0098123 0.8302928 0.5224873 0.1937123
1341848009.846800 -0.3279440 -1.7157600 3.8720481 0.0023645 0.8344316 0.5188564 0.1857589
1341848010.214739 -0.2505116 -1.6706429 3.8281984 0.0029169 0.8322526 0.5237119 0.1818596
1341848010.414692 -0.2133520 -1.6483266 3.7800131 0.0067332 0.8302972 0.5316659 0.1670106
1341848010.618690 -0.1919922 -1.6303277 3.7346506 0.0059646 0.8287284 0.5394742 0.1487995
1341848010.782711 -0.1810553 -1.6244123 3.6981208 0.0066882 0.8284164 0.5438868 0.1336740
1341848011.118701 -0.1653990 -1.6094544 3.6653762 0.0115568 0.8343205 0.5412237 0.1041756
1341848011.554674 -0.1378016 -1.5901239 3.6311026 0.0119918 0.8366985 0.5447903 0.0547298
1341848012.190967 -0.1362630 -1.5147057 3.5536993 0.0072987 0.8273230 0.5615986 0.0095122
1341848012.562690 -0.1304847 -1.4497340 3.4723234 -0.0185549 0.8158895 0.5767919 0.0359322
1341848012.794727 -0.1117439 -1.4189892 3.4406719 -0.0372163 0.8133488 0.5767250 0.0668351
1341848013.198719 -0.0921948 -1.3826995 3.4202659 -0.0593925 0.8106347 0.5635598 0.1474602
1341848013.398748 -0.0772293 -1.3714597 3.4317942 -0.0638754 0.8031300 0.5626098 0.1853980
1341848013.666669 -0.0434203 -1.3668572 3.4418087 -0.0772897 0.7869923 0.5588482 0.2497163
1341848014.034942 -0.0020423 -1.3623163 3.4629347 -0.0842472 0.7788791 0.5323951 0.3206325
1341848014.234751 0.0393686 -1.3547018 3.4706511 -0.1015104 0.7634808 0.5242361 0.3632756
1341848014.370553 0.0688095 -1.3499287 3.4863188 -0.1035379 0.7535415 0.5145125 0.3958938
1341848014.538728 0.1100736 -1.3512390 3.5029173 -0.1111507 0.7391636 0.4949571 0.4430577
1341848014.706765 0.1467519 -1.3597568 3.5197744 -0.1068710 0.7295525 0.4757343 0.4795921
1341848014.874686 0.1820931 -1.3600764 3.5422318 -0.0925835 0.7222959 0.4599064 0.5081369
1341848014.974705 0.1948228 -1.3551809 3.5497971 -0.0829110 0.7124135 0.4574723 0.5256538
1341848015.042593 0.1944842 -1.3490331 3.5493498 -0.0871741 0.7016248 0.4589476 0.5380433
1341848015.310598 0.2366986 -1.3306552 3.5593781 -0.1110507 0.6672485 0.4527178 0.5809421
1341848015.542834 0.2543206 -1.3225627 3.5570478 -0.1025470 0.6248235 0.4394988 0.6371189
1341848015.685811 0.2693005 -1.3222258 3.5616202 -0.1097187 0.5989878 0.4233957 0.6707545
1341848015.885654 0.2786098 -1.3286192 3.5635619 -0.1015676 0.5715629 0.3948728 0.7120922
1341848016.121844 0.2760429 -1.3372780 3.5635333 -0.0937771 0.5525564 0.3599005 0.7458947
1341848016.621860 0.2586617 -1.3610138 3.5855870 -0.0755502 0.5677894 0.3725290 0.7301572
1341848016.757848 0.2500913 -1.3695157 3.6032834 -0.0648134 0.5704691 0.3743238 0.7281799
1341848016.882757 0.2332642 -1.3866661 3.6193776 -0.0644996 0.5700426 0.3747923 0.7283008
1341848016.986658 0.2233820 -1.3995748 3.6327870 -0.0683951 0.5694475 0.3768292 0.7273592
1341848017.150678 0.2037511 -1.4216681 3.6533408 -0.0703189 0.5804833 0.3845368 0.7143010
1341848017.318695 0.1752851 -1.4380025 3.6753085 -0.0536343 0.6049744 0.3853056 0.6947438
1341848017.622714 0.1161170 -1.4760147 3.6869991 -0.0327058 0.6351751 0.3890187 0.6664439
1341848017.854726 0.0865140 -1.4980679 3.6989822 -0.0128990 0.6539438 0.3878403 0.6494392
1341848018.022671 0.0671363 -1.5090263 3.7113051 -0.0133088 0.6604100 0.3896873 0.6417361
1341848018.258766 0.0598273 -1.5257069 3.7333553 -0.0128636 0.6757241 0.4000537 0.6190221
1341848018.433770 0.0551844 -1.5437099 3.7614436 -0.0095547 0.6869650 0.4098310 0.6000219
1341848018.565849 0.0540638 -1.5585456 3.7926426 -0.0049265 0.6952831 0.4199027 0.5833001
1341848018.733853 0.0526180 -1.5830853 3.8355658 -0.0082455 0.7066026 0.4267326 0.5643970
1341848018.901964 0.0494337 -1.6158416 3.8775399 -0.0061854 0.7160333 0.4246430 0.5540184
1341848019.130792 0.0449467 -1.6589612 3.9217536 -0.0052553 0.7255912 0.4271305 0.5394899
1341848019.298715 0.0344863 -1.6842359 3.9599233 -0.0080651 0.7373191 0.4324743 0.5189042
1341848019.467021 0.0286217 -1.7150235 4.0076008 -0.0132563 0.7510467 0.4347505 0.4967344
1341848019.630654 0.0225921 -1.7496718 4.0678577 -0.0071148 0.7626547 0.4371218 0.4766884
1341848019.798719 0.0260944 -1.7769195 4.1201172 -0.0086269 0.7693741 0.4418484 0.4612581
1341848019.966705 0.0285859 -1.7981170 4.1538973 -0.0016940 0.7780933 0.4492819 0.4389918
1341848020.170835 0.0401874 -1.8197908 4.1904058 -0.0028490 0.7925781 0.4533237 0.4078106
1341848020.370812 0.0632119 -1.8428483 4.2247028 -0.0014074 0.8070126 0.4556604 0.3756358
1341848020.570790 0.0935898 -1.8656026 4.2622814 0.0078252 0.8243872 0.4533268 0.3388501
1341848020.738994 0.1214194 -1.8828347 4.2969341 0.0099879 0.8293962 0.4629411 0.3125505
1341848020.938790 0.1577950 -1.9055023 4.3245020 0.0145321 0.8316031 0.4710189 0.2938816
1341848021.206698 0.2103081 -1.9329371 4.3616114 0.0132071 0.8401219 0.4738986 0.2635166
1341848021.414272 0.2606950 -1.9563348 4.3894439 0.0148730 0.8563432 0.4638992 0.2263907
1341848021.617752 0.3145943 -1.9816558 4.4238176 0.0219406 0.8673351 0.4583867 0.1926919
1341848021.844563 0.3825319 -1.9946411 4.4519911 0.0114532 0.8720821 0.4611794 0.1632645
1341848022.046709 0.4463999 -2.0042822 4.4567976 0.0069058 0.8785630 0.4564643 0.1404274
1341848022.246774 0.5137136 -2.0058992 4.4456234 0.0027139 0.8860397 0.4500628 0.1112201
1341848022.454164 0.5765574 -2.0125782 4.4222851 0.0165888 0.8926443 0.4442829 0.0743212
1341848022.690287 0.6372193 -2.0322707 4.4012709 0.0208260 0.8987837 0.4361225 0.0393872
1341848022.882710 0.6884863 -2.0239050 4.3819346 -0.0162082 -0.8949638 -0.4458443 0.0000975
1341848023.082738 0.7575429 -2.0058010 4.3413315 0.0006921 -0.8861578 -0.4594767 0.0600424
1341848023.286758 0.8185401 -1.9842062 4.3268814 -0.0025309 -0.8758458 -0.4702376 0.1084636
1341848023.487092 0.8743839 -1.9545608 4.3034010 0.0070722 -0.8634634 -0.4839943 0.1418818
1341848023.786854 0.9283024 -1.9286854 4.2478151 0.0097744 -0.8585540 -0.4782901 0.1844671
1341848023.990739 0.9547935 -1.9037476 4.1975069 0.0082306 -0.8551043 -0.4711416 0.2162279
1341848024.222838 0.9773548 -1.8827765 4.1367517 -0.0099583 -0.8464093 -0.4712816 0.2477618
1341848024.390878 0.9912117 -1.8603504 4.0970802 -0.0078412 -0.8375276 -0.4754989 0.2690479
1341848024.658717 1.0236058 -1.8195229 4.0486541 -0.0036806 -0.8229000 -0.4818296 0.3011018
1341848024.862797 1.0634122 -1.7848319 4.0152054 -0.0068258 -0.8142601 -0.4796708 0.3268790
1341848025.062647 1.1174126 -1.7652744 3.9904363 -0.0178797 -0.8080811 -0.4748094 0.3481973
1341848025.230646 1.1602299 -1.7437801 3.9700956 -0.0205913 -0.8004574 -0.4734613 0.3669856
1341848025.530800 1.2196414 -1.7190908 3.9292922 -0.0189796 -0.7913234 -0.4714687 0.3887986
1341848025.730719 1.2470515 -1.7004777 3.9041512 -0.0168917 -0.7830505 -0.4726043 0.4039700
1341848025.998679 1.2819602 -1.6709315 3.8684330 -0.0258287 -0.7756078 -0.4652161 0.4258396
1341848026.234940 1.3155727 -1.6408944 3.8320971 -0.0393480 -0.7642402 -0.4608743 0.4494259
1341848026.434734 1.3423481 -1.6177311 3.8057873 -0.0509580 -0.7558954 -0.4563610 0.4666477
1341848026.702795 1.3805852 -1.5924704 3.7676294 -0.0465694 -0.7520514 -0.4470332 0.4820906
1341848026.938881 1.4351978 -1.5666424 3.7323680 -0.0424586 -0.7480282 -0.4519639 0.4841278
1341848027.074785 1.4771395 -1.5545654 3.7181578 -0.0426371 -0.7474712 -0.4518667 0.4850623
1341848027.274701 1.5411344 -1.5430695 3.6956890 -0.0429078 -0.7451577 -0.4443165 0.4954613
1341848027.442959 1.5945535 -1.5364144 3.6747699 -0.0432219 -0.7484452 -0.4351813 0.4985770
1341848027.610716 1.6440780 -1.5272448 3.6584060 -0.0375317 -0.7592047 -0.4274474 0.4893754
1341848027.842836 1.6917419 -1.5075420 3.6233020 -0.0339008 -0.7632674 -0.4298544 0.4811433
1341848027.978757 1.7116165 -1.4972668 3.5931945 -0.0287713 -0.7640778 -0.4367153 0.4739589
1341848028.150637 1.7317431 -1.4815435 3.5657024 -0.0271591 -0.7704823 -0.4321578 0.4678237
1341848028.378956 1.7527702 -1.4589641 3.5110974 -0.0284136 -0.7712279 -0.4233203 0.4745525
1341848028.614649 1.7861028 -1.4315758 3.4539039 -0.0322576 -0.7702824 -0.4173234 0.4811088
1341848028.850773 1.8174958 -1.4051198 3.3905737 -0.0349454 -0.7700916 -0.4171038 0.4814169
1341848029.118800 1.8503821 -1.3781861 3.3343053 -0.0358071 -0.7675521 -0.4215838 0.4815067
1341848029.386923 1.8857253 -1.3507229 3.2873733 -0.0299038 -0.7591530 -0.4267275 0.4906079
1341848029.718752 1.9604425 -1.3214631 3.2350049 -0.0317152 -0.7480310 -0.4134124 0.5182027
1341848029.922779 2.0106690 -1.3026353 3.2067404 -0.0357798 -0.7381979 -0.4079638 0.5360497
1341848030.222713 2.0671628 -1.2721786 3.1690536 -0.0366444 -0.7217625 -0.4053918 0.5597977
1341848030.422795 2.0931036 -1.2495552 3.1427038 -0.0356126 -0.7070269 -0.4057614 0.5781025
1341848030.626961 2.1118298 -1.2227838 3.1098547 -0.0371996 -0.6953401 -0.4018506 0.5946717
1341848030.827483 2.1343012 -1.1971072 3.0673454 -0.0401672 -0.6866044 -0.3868040 0.6142831
1341848031.026698 2.1633325 -1.1780779 3.0167472 -0.0512031 -0.6786361 -0.3654149 0.6350617
1341848031.294747 2.2027793 -1.1496123 2.9517343 -0.0659222 -0.6756919 -0.3520951 0.6443010
1341848031.698757 2.2448709 -1.1284741 2.8888073 -0.0577386 -0.6583706 -0.3449841 0.6664836
1341848031.930844 2.2814388 -1.1176203 2.8558221 -0.0533153 -0.6449520 -0.3284149 0.6879957
1341848032.266730 2.3417459 -1.0874221 2.7981658 -0.0505586 -0.6309509 -0.3210960 0.7044446
1341848032.634746 2.3943081 -1.0579548 2.7425206 -0.0428699 -0.6260223 -0.3074491 0.7153553
1341848033.070841 2.4294183 -1.0170350 2.6490245 -0.0375386 -0.6220183 -0.3001713 0.7222059
1341848033.406805 2.4338751 -0.9816211 2.5798616 -0.0427696 -0.6037127 -0.2887687 0.7418317
1341848033.742797 2.4378710 -0.9572256 2.5170612 -0.0497471 -0.5935410 -0.2764454 0.7541965
1341848033.978916 2.4490499 -0.9439392 2.4842062 -0.0435463 -0.5807258 -0.2667579 0.7679202
1341848034.142710 2.4619532 -0.9391077 2.4616103 -0.0361017 -0.5624107 -0.2483599 0.7878504
1341848034.318061 2.4787042 -0.9365955 2.4397821 -0.0342802 -0.5488998 -0.2345163 0.8015834
1341848034.653784 2.5249200 -0.8955317 2.3688173 -0.0371063 -0.5376036 -0.2268344 0.8112655
1341848034.951491 2.5555055 -0.8464679 2.3136735 -0.0418306 -0.5291195 -0.2294521 0.8158643
1341848035.422709 2.5589585 -0.7963138 2.2359259 -0.0466117 -0.5162426 -0.2210606 0.8261073
1341848035.718791 2.5474510 -0.7677948 2.1717839 -0.0570633 -0.5046571 -0.1982548 0.8383078
1341848036.087013 2.5293138 -0.7345963 2.0961018 -0.0690891 -0.4915278 -0.1760986 0.8500684
1341848036.590723 2.4946394 -0.6836863 1.9907339 -0.0593230 -0.4677646 -0.1748503 0.8643520
1341848036.926846 2.4809041 -0.6492137 1.8867354 -0.0521357 -0.4504049 -0.1471639 0.8790678
1341848037.162789 2.4699044 -0.6217533 1.8052436 -0.0355776 -0.4441033 -0.1354712 0.8849599
1341848037.362746 2.4595108 -0.5991787 1.7387151 -0.0144672 -0.4554725 -0.1283079 0.8808363
1341848037.662669 2.4299302 -0.5592219 1.6600502 -0.0022716 -0.4494569 -0.1371528 0.8827075
1341848037.930939 2.3838916 -0.5247233 1.6036437 -0.0095413 -0.4283156 -0.1285342 0.8943901
1341848038.234726 2.3260677 -0.4860977 1.5506840 -0.0270245 -0.4002433 -0.1245908 0.9074978
1341848038.566862 2.2743332 -0.4613046 1.4813815 -0.0163914 -0.3828599 -0.1228239 0.9154583
1341848038.838770 2.2391362 -0.4295323 1.4077061 -0.0107352 -0.3784006 -0.1201718 0.9177453
1341848039.106775 2.2282712 -0.3869943 1.3328992 -0.0138444 -0.3587731 -0.1065875 0.9272159
1341848039.507121 2.2065012 -0.3334341 1.2419885 -0.0139940 -0.3392563 -0.0988761 0.9353784
1341848039.943367 2.1373966 -0.2891820 1.1603199 -0.0042191 -0.3171782 -0.0977413 0.9433064
1341848040.211029 2.0790393 -0.2561934 1.1165477 -0.0187674 -0.2984626 -0.0842018 0.9505146
1341848040.578879 2.0058391 -0.2401564 1.0526030 -0.0211551 -0.2770684 -0.0608048 0.9586909
1341848040.714653 1.9762080 -0.2406037 1.0435376 -0.0158967 -0.2617472 -0.0564539 0.9633529
1341848040.946862 1.9344532 -0.2339315 1.0065216 -0.0045880 -0.2212554 -0.0449643 0.9741680
1341848041.094347 1.9142231 -0.2176148 0.9920255 -0.0085458 -0.2052067 -0.0283093 0.9782718
1341848041.450845 1.8404151 -0.1849986 0.9637791 -0.0293630 -0.1677319 -0.0005720 0.9853951
1341848041.750776 1.7503985 -0.1743900 0.9694443 -0.0330511 -0.1354883 0.0089455 0.9901871
1341848041.918718 1.6917259 -0.1823844 0.9716550 -0.0306166 -0.1296030 0.0241473 0.9907990
1341848042.254762 1.5941705 -0.2002476 0.9745914 -0.0331389 -0.1053842 0.0456891 0.9928285
1341848042.490921 1.5252429 -0.1961817 0.9825421 -0.0413707 -0.0784891 0.0574725 0.9943967
1341848042.658741 1.4776337 -0.1964485 0.9922591 -0.0417643 -0.0565254 0.0727047 0.9948742
1341848042.897767 1.4151645 -0.1842049 0.9867682 -0.0461176 -0.0203629 0.0979581 0.9939128
1341848043.133955 1.3552966 -0.1803374 0.9901639 -0.0474746 0.0059953 0.1128733 0.9924565
1341848043.334034 1.2983146 -0.1896264 1.0011860 -0.0462298 0.0261453 0.1183110 0.9915553
1341848043.537825 1.2419912 -0.1987905 1.0187154 -0.0428654 0.0367632 0.1285006 0.9901003
1341848043.769828 1.1715652 -0.2139128 1.0524895 -0.0505165 0.0495084 0.1423083 0.9872919
1341848044.005919 1.1120424 -0.2398157 1.0953028 -0.0532798 0.0624384 0.1445916 0.9860811
1341848044.205750 1.0703367 -0.2566584 1.1238080 -0.0548199 0.0670355 0.1470350 0.9853333
1341848044.505687 1.0175570 -0.2708458 1.1655811 -0.0590108 0.0909229 0.1656310 0.9802128
1341848044.802833 0.9627986 -0.2862318 1.2081989 -0.0554686 0.1291206 0.1983654 0.9700012
1341848045.070849 0.9048885 -0.3007671 1.2410519 -0.0563716 0.1384186 0.2179388 0.9644507
1341848045.338698 0.8566484 -0.3211176 1.2887280 -0.0622689 0.1500716 0.2157978 0.9628252
1341848045.645890 0.8006125 -0.3488369 1.3590292 -0.0641747 0.1468202 0.2113581 0.9641852
1341848045.807609 0.7730504 -0.3675599 1.4049335 -0.0672203 0.1401112 0.2036417 0.9666336
1341848046.010763 0.7354359 -0.3766369 1.4532219 -0.0656910 0.1274791 0.1923111 0.9707988
1341848046.219718 0.6973180 -0.3734248 1.4832960 -0.0637818 0.1115110 0.1720459 0.9766767
1341848046.449782 0.6500517 -0.3737593 1.5083424 -0.0721780 0.0981446 0.1548174 0.9804028
1341848046.653748 0.6000159 -0.3686458 1.5099322 -0.0729478 0.0892773 0.1430129 0.9829830
1341848046.846853 0.5534675 -0.3535011 1.4923952 -0.0646937 0.0775428 0.1375621 0.9853317
1341848047.089866 0.4923152 -0.3311042 1.4697618 -0.0618263 0.0761323 0.1357988 0.9858702
1341848047.314815 0.4265754 -0.3182996 1.4480166 -0.0664639 0.0689617 0.1282813 0.9871022
1341848047.518733 0.3682801 -0.3127727 1.4227771 -0.0618967 0.0546585 0.1211832 0.9891895
1341848047.650752 0.3272799 -0.3203343 1.4154738 -0.0623047 0.0534064 0.1164808 0.9897970
1341848047.818804 0.2961281 -0.3133604 1.4015429 -0.0591538 0.0429226 0.1131247 0.9908891
1341848048.018897 0.2373049 -0.3228155 1.3986118 -0.0589836 0.0505972 0.1100620 0.9908820
1341848048.154692 0.2105556 -0.3202684 1.3948185 -0.0563439 0.0504439 0.1114912 0.9908837
1341848048.386709 0.1562688 -0.3319264 1.3855755 -0.0517255 0.0646855 0.1125475 0.9901885
1341848048.622652 0.0988641 -0.3436401 1.3734585 -0.0392728 0.0737213 0.1140111 0.9899618
1341848048.858661 0.0553556 -0.3494357 1.3573707 -0.0186438 0.0758500 0.1158882 0.9901864
1341848049.090709 0.0000485 -0.3585115 1.3385806 0.0046862 0.0742794 0.1021215 0.9919838
1341848049.226742 -0.0300972 -0.3578209 1.3257465 0.0128758 0.0716574 0.0976693 0.9925523
1341848049.394779 -0.0686861 -0.3644053 1.3095989 0.0120063 0.0719452 0.0966751 0.9926397
1341848049.594759 -0.1226372 -0.3522781 1.2822399 0.0204857 0.0785448 0.1062495 0.9910207
1341848049.930835 -0.2242563 -0.3328467 1.2409822 0.0165768 0.0655548 0.0983479 0.9928522
1341848050.098678 -0.2694351 -0.3154088 1.2223744 0.0193914 0.0534553 0.0924858 0.9940890
1341848050.330688 -0.3313920 -0.3090115 1.2170570 0.0152996 0.0376817 0.0721497 0.9965643
1341848050.598790 -0.3884200 -0.3005261 1.2057668 0.0166356 0.0111388 0.0515509 0.9984697
1341848050.802875 -0.4377068 -0.3094031 1.2010584 0.0160762 -0.0096637 0.0392194 0.9990546
1341848051.138713 -0.5144610 -0.3097385 1.1891459 0.0240943 -0.0403780 0.0166078 0.9987559
1341848051.338668 -0.5428039 -0.3140209 1.1862819 0.0360204 -0.0565113 0.0098329 0.9977036
1341848051.606760 -0.5636167 -0.3130298 1.1711701 0.0519307 -0.0847917 -0.0219600 0.9948022
1341848051.838757 -0.5705312 -0.3020949 1.1617944 0.0690536 -0.1214029 -0.0649179 0.9880681
1341848052.311125 -0.5168818 -0.2581186 1.1109537 0.0598100 -0.1109792 -0.1179045 0.9849898
1341848052.778710 -0.4250854 -0.2188821 1.0384332 0.0613986 -0.0907671 -0.1428365 0.9836612
1341848052.846856 -0.4106258 -0.2200358 1.0354272 0.0601467 -0.0847334 -0.1471811 0.9836363
1341848052.978684 -0.3760331 -0.2086217 1.0080833 0.0612058 -0.0715255 -0.1444574 0.9850228
1341848053.114846 -0.3424028 -0.2037764 0.9887472 0.0588977 -0.0531332 -0.1377605 0.9872842
1341848053.485736 -0.2737936 -0.1759745 0.9408313 0.0617224 -0.0080134 -0.0975019 0.9932873
1341848053.621911 -0.2528501 -0.1649963 0.9196922 0.0528432 0.0096115 -0.0784402 0.9954709
1341848053.758007 -0.2412018 -0.1670346 0.9053137 0.0373509 0.0363921 -0.0552298 0.9971109
1341848054.186687 -0.2442898 -0.1598694 0.8400584 0.0337244 0.0746104 0.0308698 0.9961641
1341848055.694797 -0.3959755 -0.0604967 0.4715576 0.0563703 0.1521329 0.1015370 0.9815133
1341848056.430750 -0.6300735 -0.0334538 0.4430954 0.0577231 0.1719500 0.1442598 0.9727746
1341848057.270814 -0.9336081 -0.0582080 0.4867978 0.0126622 0.1624124 0.1427391 0.9762620
1341848057.670943 -1.0981872 -0.0620325 0.5028823 -0.0133130 0.1925125 0.1646668 0.9672883
1341848058.006833 -1.2368370 -0.0536037 0.5193968 -0.0082646 0.2044965 0.1912721 0.9599624
1341848058.374887 -1.3752989 -0.0946578 0.5559885 0.0077035 0.1887944 0.1731427 0.9666017
1341848058.710728 -1.4484102 -0.1326192 0.6068529 0.0160185 0.2041472 0.1915506 0.9598832
1341848059.850685 -1.5236162 -0.1575496 0.6606878 0.0395844 0.2789090 0.2126742 0.9356349
1341848061.326612 -1.4145916 -0.1540810 0.6234674 0.1038181 0.2743337 0.1644945 0.9417560
1341848063.439276 -1.1349003 -0.1365449 0.6160959 0.0834527 0.2103926 0.1241845 0.9660998
1341848064.481773 -0.8265399 -0.1878492 0.7228118 0.0689004 0.1887151 0.1104720 0.9733629
1341848064.946850 -0.6978135 -0.1835127 0.7252600 0.0759197 0.1733235 0.1185064 0.9747571
1341848065.446728 -0.5721581 -0.1776201 0.7082440 0.0800960 0.1560307 0.1099820 0.9783369
1341848065.918698 -0.4914918 -0.1505770 0.6972246 0.0809849 0.1249841 0.0867047 0.9850395
1341848066.454695 -0.3902295 -0.1566961 0.7081208 0.0700474 0.0786311 0.0637254 0.9923959
1341848067.158821 -0.2303058 -0.1846818 0.7526305 0.0810692 0.0618631 0.0120735 0.9947135
1341848067.526659 -0.1810881 -0.1774763 0.7469562 0.0804511 0.0653446 0.0350479 0.9939967
