1341847980.722988 0.000000000 0.000000000 0.000000000 0.000000000 0.000000000 0.000000000 1.000000000
1341847982.462624 -0.177530966 0.004069468 -0.043000210 0.007610479 0.018844002 0.008403880 0.999758150
1341847982.498616 -0.183213445 0.008850756 -0.043094715 0.006928301 0.021570531 0.008588846 0.999706428
1341847982.630723 -0.136666598 -0.046313562 -0.048926389 -0.015029082 0.025911348 -0.002011239 0.999549240
1341847983.066707 -0.265887171 -0.031283369 -0.033870371 -0.014719156 0.046321906 0.012657144 0.998737916
1341847983.334718 -0.339586218 -0.038804108 -0.031383029 -0.021839543 0.048789551 0.015687432 0.998447053
1341847983.702857 -0.489458384 -0.049240427 -0.033261595 -0.014662479 0.070870299 0.017135779 0.997230554
1341847983.906692 -0.575700963 -0.043181589 -0.052701049 -0.004917867 0.070375837 0.025839331 0.997173699
1341847984.106759 -0.653063838 -0.032411709 -0.056924315 -0.015456497 0.081053350 0.021900297 0.996349250
1341847984.406718 -0.762217787 -0.008233179 -0.022139106 -0.031301367 0.079557726 0.023878681 0.996052509
1341847984.710651 -0.850066838 -0.027767336 0.070257922 -0.030716941 0.085295723 0.027235148 0.995509596
1341847984.979236 -0.914206797 -0.061912648 0.161618648 -0.024763860 0.084457546 0.042024748 0.995232432
1341847985.378830 -0.961583635 -0.125665224 0.292730592 -0.030710774 0.115446087 0.047729482 0.991690953
1341847985.714719 -1.023366884 -0.187898808 0.424210354 -0.025868404 0.143831833 0.056261393 0.987662840
1341847985.814703 -1.022475770 -0.221992991 0.446942862 -0.018044338 0.150059687 0.060910444 0.986633878
1341847985.982712 -1.060636328 -0.231064716 0.497436756 -0.007493925 0.164093044 0.073417166 0.983680453
1341847986.326156 -1.099459655 -0.292606556 0.607448851 -0.007198105 0.194542610 0.086060640 0.977084913
1341847986.661920 -1.123944453 -0.334604494 0.735157194 -0.002608441 0.224700180 0.099764243 0.969303936
1341847987.054629 -1.146825712 -0.386935786 0.874222501 -0.017493236 0.242262561 0.133382711 0.960839159
1341847987.290653 -1.143634429 -0.411226746 0.942957378 -0.028461890 0.265175565 0.137469389 0.953925578
1341847987.526761 -1.179867468 -0.417592602 1.007024482 -0.009826680 0.302781147 0.128979165 0.944241171
1341847987.826748 -1.237100208 -0.419074949 1.127542986 -0.000147629 0.327777914 0.155420044 0.931883162
1341847988.165801 -1.273292027 -0.429166111 1.218277511 0.017360037 0.333311345 0.141776395 0.931934349
1341847988.537778 -1.313744446 -0.430513739 1.306445059 0.015730951 0.347235655 0.167508182 0.922562164
1341847988.873917 -1.373151638 -0.455233953 1.349188663 -0.003443028 0.365009792 0.172806330 0.914819091
1341847989.098821 -1.438818513 -0.485047119 1.376679169 -0.014720420 0.379038810 0.177289838 0.908119597
1341847989.202743 -1.479265339 -0.510594161 1.388757441 -0.012542544 0.381618728 0.174129557 0.907683165
1341847989.334871 -1.494660613 -0.515829688 1.381747654 -0.005898557 0.361851630 0.171408778 0.916322888
1341847989.570705 -1.587897577 -0.569317854 1.411407171 -0.026759901 0.382119155 0.149458788 0.911554129
1341847989.902718 -1.663349821 -0.587146730 1.418061254 -0.029267060 0.399443422 0.143095795 0.905048057
1341847990.171055 -1.801381589 -0.617235494 1.464351316 -0.018424311 0.419431796 0.164159914 0.892630403
1341847990.442575 -1.854067794 -0.513372018 1.448352007 0.047537490 0.403089460 0.188113941 0.894355757
1341847991.042752 -1.987779534 -0.549414706 1.503998047 0.044553817 0.423348591 0.213064907 0.879428379
1341847991.346722 -2.048828743 -0.580698349 1.558483182 0.055242211 0.436551175 0.225069476 0.869318757
1341847991.646714 -2.089994580 -0.619427450 1.606517163 0.049278841 0.449672707 0.255183907 0.854545040
1341847991.915817 -2.116935993 -0.654250407 1.632975921 0.049179791 0.476800444 0.266205890 0.836287695
1341847992.318683 -2.180402717 -0.713568909 1.707591893 0.044562180 0.506823842 0.267004924 0.818444974
1341847992.586730 -2.246491856 -0.751078515 1.761706437 0.048976743 0.522142320 0.282318552 0.803283830
1341847992.886610 -2.311166608 -0.789098968 1.825415724 0.042575732 0.532491324 0.287841929 0.794850502
1341847993.261799 -2.349835601 -0.835837745 1.909274020 0.040291459 0.548039652 0.295447273 0.781498591
1341847993.558719 -2.372685793 -0.881136704 1.991196232 0.047255680 0.563431037 0.309021216 0.764734108
1341847993.658928 -2.381991037 -0.895540738 2.023248773 0.041455411 0.563360277 0.315335382 0.762541963
1341847993.933661 -2.385471311 -0.944782801 2.095897473 0.025110658 0.573378586 0.318009383 0.754636657
1341847994.233618 -2.394900117 -1.005499244 2.152926591 0.031489053 0.591820185 0.319958990 0.739177619
1341847994.501736 -2.436858244 -1.057871762 2.222044596 0.046348766 0.606570643 0.323023950 0.724968534
1341847994.701643 -2.464549649 -1.094582344 2.286371498 0.045441229 0.613672524 0.332750866 0.714575391
1341847994.831306 -2.482096190 -1.114166780 2.328569142 0.037819109 0.621824450 0.339425706 0.704765393
1341847994.930711 -2.488747420 -1.129753037 2.358391520 0.031386542 0.623502119 0.344197749 0.701275910
1341847995.166644 -2.491585887 -1.160364297 2.411215940 0.033809121 0.641514081 0.354081855 0.679663643
1341847995.502702 -2.496665861 -1.208360363 2.486252292 0.036333678 0.658329933 0.357678693 0.661322551
1341847995.802752 -2.483882730 -1.238259373 2.554018776 0.038129298 0.656351330 0.380664584 0.650264226
1341847996.170714 -2.475920340 -1.272436251 2.593591051 0.037500538 0.675781208 0.380549516 0.630155167
1341847996.642752 -2.501243079 -1.306823727 2.664421391 0.042853682 0.696369691 0.390381312 0.600695635
1341847996.974782 -2.508088557 -1.344093147 2.746541331 0.035655762 0.707640143 0.403423284 0.578985102
1341847997.210888 -2.528560286 -1.383992397 2.821190298 0.037403217 0.711499694 0.396561918 0.578884988
1341847997.478752 -2.522245574 -1.428953071 2.881030021 0.033903626 0.722145473 0.394003282 0.567554292
1341847997.678842 -2.497797079 -1.468757092 2.929288997 0.032024294 0.734925221 0.389307736 0.554345426
1341847997.982715 -2.453951177 -1.526984768 3.015578565 0.044167497 0.744381028 0.393002270 0.538047706
1341847998.253760 -2.417105242 -1.576566240 3.085017377 0.044251423 0.740473053 0.398581808 0.539327370
1341847998.450786 -2.390970302 -1.611011930 3.143702292 0.034989797 0.736910255 0.394056650 0.548140810
1341847998.650736 -2.375163938 -1.643484538 3.210266861 0.022829622 0.733758139 0.391946615 0.554486837
1341847998.786762 -2.362318568 -1.665887894 3.256587989 0.021156074 0.733703629 0.395091312 0.552389591
1341847998.918666 -2.357305487 -1.688899897 3.308353942 0.020256330 0.735830835 0.398653827 0.547008034
1341847999.122718 -2.341631509 -1.712008108 3.373953609 0.015114028 0.731846677 0.409452997 0.544536730
1341847999.322701 -2.316766291 -1.737631660 3.419851455 0.022719644 0.745815290 0.411405219 0.523439698
1341847999.454933 -2.306344254 -1.753525515 3.448981196 0.030405271 0.755078434 0.411094452 0.509836670
1341847999.622896 -2.283206273 -1.771564166 3.478636932 0.040126684 0.768934347 0.418912105 0.481292497
1341847999.858757 -2.220431631 -1.784194519 3.509103047 0.047304775 0.783483184 0.426172433 0.449770404
1341848000.058724 -2.166691105 -1.783659182 3.527297196 0.048484815 0.786960653 0.450465319 0.418835469
1341848000.594838 -2.032463138 -1.764093013 3.540556216 0.034764893 0.796086879 0.480741268 0.365957535
1341848000.930722 -1.935814939 -1.778395917 3.547543638 0.048925808 0.811742523 0.480299090 0.328623076
1341848001.334803 -1.809497201 -1.780852356 3.573598243 0.042139507 0.826602638 0.478715242 0.292889156
1341848001.567011 -1.745232968 -1.758435175 3.563105719 0.028882570 0.840816068 0.478282113 0.251873691
1341848001.870724 -1.667165233 -1.737436692 3.538426903 0.027682080 0.853968117 0.479726098 0.199587146
1341848002.102720 -1.606401504 -1.730141764 3.516141676 0.036712846 0.856858324 0.485804742 0.168640836
1341848002.370786 -1.539419198 -1.710684932 3.492709869 0.027303240 0.857496077 0.494869991 0.138053261
1341848002.674651 -1.473643750 -1.673743242 3.482459467 0.016486667 0.854302849 0.506589187 0.115161747
1341848002.842833 -1.430023610 -1.644315660 3.478163825 0.017401368 0.851810645 0.511795178 0.110369892
1341848003.074988 -1.368586127 -1.635718173 3.477729149 0.017932212 0.855082110 0.502482770 0.126586280
1341848003.310739 -1.310257919 -1.619789476 3.473281948 0.000777931 0.856898238 0.498118236 0.132676397
1341848003.442728 -1.271675711 -1.609232809 3.476097215 -0.007247759 0.858456681 0.491441723 0.146576362
1341848003.578749 -1.235615481 -1.599752938 3.475574229 -0.007725414 0.855661337 0.488674684 0.170238209
1341848003.717853 -1.202201473 -1.590525653 3.468834058 -0.011615519 0.854182677 0.482193321 0.194233458
1341848003.853971 -1.172142927 -1.575437431 3.457557472 -0.014990918 0.850054712 0.480950369 0.214170496
1341848004.021643 -1.134056304 -1.557539808 3.434727554 -0.014923244 0.845623306 0.480691912 0.231589738
1341848004.189785 -1.095182946 -1.533402492 3.412542487 -0.012652881 0.840823159 0.480788642 0.248392031
1341848004.321820 -1.063106253 -1.514338626 3.400119979 -0.017475028 0.834971915 0.479815142 0.268875351
1341848004.525726 -1.017815524 -1.482003239 3.392832426 -0.029934598 0.823340946 0.477892032 0.304684775
1341848004.889791 -0.960665076 -1.443537946 3.389663852 -0.042320424 0.798712796 0.490875830 0.345409570
1341848005.693760 -0.882448491 -1.430634576 3.418662860 -0.047435425 0.765722270 0.479503094 0.426023555
1341848006.233778 -0.831368855 -1.453619128 3.443283040 -0.025780859 0.753276257 0.449241029 0.479679816
1341848006.670119 -0.792703455 -1.467277490 3.484040677 -0.016627877 0.744861676 0.434035475 0.506475867
1341848007.237921 -0.746991427 -1.568992156 3.590596350 0.003842122 0.763315325 0.445805839 0.467538347
1341848007.534834 -0.708412413 -1.575958015 3.599364586 0.008476115 0.771702535 0.447357506 0.451967494
1341848007.902779 -0.669867674 -1.616522856 3.645513228 0.013209260 0.786654620 0.462886340 0.408333517
1341848008.202734 -0.615392509 -1.660732431 3.674631925 0.023654262 0.794074247 0.485132355 0.365421898
1341848008.538786 -0.551777961 -1.697187305 3.726823109 0.027299613 0.800993703 0.504237391 0.321571877
1341848008.874631 -0.498294117 -1.737820756 3.757077647 0.031421631 0.809112887 0.511004835 0.288484101
1341848009.174693 -0.439003961 -1.762480548 3.775932735 0.023328970 0.818131581 0.518182171 0.248200952
1341848009.310898 -0.406338583 -1.766342995 3.795390053 0.022916047 0.820721645 0.528533338 0.215739072
1341848009.479022 -0.392551698 -1.767082783 3.820911934 0.023710169 0.822344665 0.533856298 0.195408632
1341848009.746819 -0.313111633 -1.764572179 3.830555405 0.012675090 0.825928789 0.531983410 0.186211247
1341848009.978905 -0.237556476 -1.751640336 3.833814506 0.010679071 0.827833643 0.529761256 0.184202141
1341848010.114748 -0.215834404 -1.726980205 3.831590015 0.012430695 0.829627963 0.527559626 0.182328718
1341848010.282749 -0.185006303 -1.706537861 3.787308790 0.014612677 0.826440764 0.536206273 0.171070058
1341848010.414692 -0.169363410 -1.692148112 3.747870486 0.018230565 0.823368161 0.543563281 0.162084784
1341848010.618690 -0.149308170 -1.671245591 3.705042103 0.017399450 0.822178177 0.550392261 0.144182743
1341848010.782711 -0.139252706 -1.665575806 3.668779027 0.017944438 0.821544652 0.555023922 0.129192990
1341848011.051016 -0.128485977 -1.652188328 3.638025848 0.021841671 0.825845623 0.553544845 0.105309318
1341848011.386749 -0.108371455 -1.639188151 3.617625444 0.020303213 0.829665827 0.553096927 0.072980717
1341848011.722610 -0.095223455 -1.615553391 3.593827063 0.020408511 0.827727029 0.559641987 0.035387918
1341848012.190967 -0.096810427 -1.554012056 3.525960195 0.016958030 0.818397625 0.574372477 0.005831820
1341848012.426830 -0.098215226 -1.509215857 3.479619899 0.000528777 0.810791621 0.584803649 0.024927078
1341848012.726854 -0.084576059 -1.463252843 3.422852367 -0.021608301 0.805606940 0.589511687 0.054831655
1341848012.862795 -0.073464480 -1.447319151 3.403512522 -0.033814494 0.803611828 0.588503198 0.082028023
1341848013.130817 -0.057898403 -1.425502318 3.397533096 -0.052492783 0.805779934 0.575266747 0.130504314
1341848013.398748 -0.038089469 -1.408799494 3.410997163 -0.052283009 0.796600852 0.573647017 0.183364851
1341848013.498782 -0.029867844 -1.407150805 3.409341009 -0.055271361 0.786583618 0.578365605 0.209104079
1341848013.566664 -0.018666388 -1.406251960 3.416265797 -0.062503191 0.784877568 0.573956567 0.225020919
1341848013.666669 -0.006230509 -1.407581782 3.417412496 -0.063797737 0.779626899 0.571034802 0.249060237
1341848013.802717 0.009037282 -1.409432085 3.428654755 -0.066349733 0.782098636 0.554657414 0.276178547
1341848014.034942 0.036401080 -1.402203986 3.440065403 -0.070394418 0.773273010 0.542820456 0.320061604
1341848014.170724 0.058725352 -1.397858739 3.446498632 -0.081582789 0.763270505 0.537460715 0.349139464
1341848014.270714 0.082060126 -1.393870100 3.454183799 -0.087588677 0.756709310 0.530341898 0.372097722
1341848014.370553 0.104767358 -1.391680788 3.461639942 -0.087019429 0.748060963 0.524717351 0.396867883
1341848014.470783 0.130389238 -1.391760316 3.472283657 -0.091803804 0.740794355 0.512599328 0.424308513
1341848014.570790 0.152662925 -1.395590477 3.484356260 -0.095170970 0.734894170 0.496602007 0.451950763
1341848014.706765 0.182710736 -1.403087786 3.498485701 -0.091283157 0.726350928 0.482057562 0.481354570
1341848014.874686 0.218857463 -1.405802784 3.519037087 -0.076770679 0.718644657 0.467039373 0.509441208
1341848014.974705 0.233326677 -1.403322595 3.527782181 -0.068330626 0.709110134 0.464375176 0.526164839
1341848015.074864 0.242353774 -1.396736865 3.529695421 -0.081821564 0.693768612 0.465593855 0.543334802
1341848015.310598 0.274357102 -1.379502121 3.538977965 -0.095123844 0.664627421 0.458589011 0.582166612
1341848015.474959 0.292432182 -1.373707913 3.538152343 -0.091019770 0.634347227 0.450403475 0.621655618
1341848015.650094 0.301333451 -1.369169741 3.537107916 -0.089375793 0.601663023 0.430770874 0.666670854
1341848015.785761 0.311557464 -1.372838551 3.543436697 -0.085629677 0.582503758 0.414485186 0.693944495
1341848015.917793 0.314534524 -1.377884394 3.542076501 -0.084955245 0.567189382 0.390457246 0.720154116
1341848016.121844 0.313285885 -1.387316035 3.541851461 -0.076710182 0.550679137 0.363424712 0.747522919
1341848016.621860 0.294526748 -1.411233165 3.564449691 -0.058186084 0.565927400 0.375451030 0.731694664
1341848016.757848 0.285496882 -1.420028329 3.581354072 -0.047609982 0.567906280 0.376637219 0.730315105
1341848016.882757 0.270383650 -1.438841904 3.597994752 -0.048227266 0.567623254 0.378203980 0.729684672
1341848016.986658 0.258619383 -1.450740195 3.611936365 -0.050854504 0.567492624 0.379298671 0.729039408
1341848017.186855 0.230648751 -1.475839697 3.635707585 -0.050913022 0.581889354 0.388081124 0.712885464
1341848017.318695 0.209924021 -1.489517471 3.653226252 -0.036167599 0.601773317 0.388723129 0.696746087
1341848017.386825 0.189461159 -1.501835944 3.651716385 -0.029586716 0.609298244 0.387909941 0.690945840
1341848017.522694 0.164532720 -1.518564479 3.660861745 -0.020891238 0.622098574 0.392010266 0.677410416
1341848017.654814 0.141745848 -1.529927330 3.667067960 -0.013629613 0.634967903 0.393175622 0.664863088
1341848017.754780 0.131810438 -1.539771499 3.671486607 -0.003730955 0.643335981 0.393870998 0.656483459
1341848017.922823 0.107948450 -1.555978078 3.681461006 0.004077133 0.652937645 0.390357849 0.649058209
1341848018.122747 0.092145857 -1.567023198 3.697087111 0.001924872 0.662998838 0.396841065 0.634780281
1341848018.397728 0.086775897 -1.594266615 3.731456547 0.002433337 0.681454687 0.408176817 0.607458043
1341848018.565849 0.083106505 -1.614048919 3.769827207 0.011206056 0.690606267 0.423982828 0.585812231
1341848018.733853 0.080162764 -1.641500734 3.811884214 0.007850098 0.701709599 0.431294029 0.567033927
1341848018.901964 0.076673029 -1.674690939 3.853954563 0.009681305 0.711224088 0.429032886 0.556774059
1341848019.130792 0.070539888 -1.719287653 3.896337858 0.010294155 0.720540229 0.431771418 0.542484333
1341848019.330680 0.063469379 -1.751434451 3.941474057 0.005398953 0.734349976 0.440063791 0.516763800
1341848019.530821 0.052449961 -1.792715239 4.004704621 0.005298160 0.752201348 0.440635725 0.489903275
1341848019.766703 0.055562144 -1.828138870 4.076254210 0.006755932 0.762540530 0.447243050 0.467396996
1341848020.002811 0.052611768 -1.869855158 4.131931338 0.015100218 0.774984966 0.457662513 0.435563210
1341848020.234873 0.066960510 -1.902297596 4.181470092 0.012367225 0.791106402 0.462011368 0.400678434
1341848020.471200 0.101390814 -1.917648871 4.204312273 0.015171056 0.810761554 0.460537281 0.361027636
1341848020.706669 0.143982098 -1.938119963 4.238248284 0.027547740 0.821589565 0.469389758 0.322342929
1341848020.938790 0.181939455 -1.972057077 4.278846749 0.030156347 0.824574469 0.480236145 0.297558037
1341848021.206698 0.236415404 -2.018318518 4.317036174 0.029209170 0.832101119 0.486114496 0.265419006
1341848021.455728 0.298727409 -2.050840555 4.339562685 0.034892791 0.849706121 0.478327601 0.219054120
1341848021.742811 0.386717473 -2.087570734 4.395532676 0.030196941 0.862448603 0.473365129 0.176623910
1341848022.010782 0.464138054 -2.120991678 4.403355127 0.021585672 0.867164828 0.475645279 0.146016400
1341848022.278764 0.563952745 -2.117775212 4.395484280 0.017618021 0.878373513 0.466315746 0.103436949
1341848022.521730 0.640542715 -2.124025354 4.363484438 0.028358093 0.885722693 0.459327964 0.060901160
1341848022.782985 0.705421776 -2.126615811 4.336155537 0.032289672 0.889409427 0.455581193 0.018815534
1341848022.918835 0.750177160 -2.115807942 4.341763927 0.021181804 0.882132182 0.470252434 -0.016024749
1341848023.186687 0.839056824 -2.097210463 4.277460680 0.008847883 0.874644008 0.476451860 -0.088956168
1341848023.454710 0.905179809 -2.066586957 4.253530553 -0.001016621 0.854222225 0.501671347 -0.136488890
1341848023.754690 0.954880204 -2.024698083 4.209298551 -0.000627562 0.851127412 0.494299729 -0.176775314
1341848023.990739 0.998958635 -2.012639092 4.144579656 -0.003805679 0.844145737 0.491266876 -0.214616749
1341848024.222838 1.013463085 -1.975865746 4.088152330 0.015534974 0.837242061 0.488252109 -0.245752463
1341848024.526783 1.038586387 -1.940656496 4.018823702 0.010935361 0.819244781 0.498561541 -0.283116223
1341848024.727054 1.064218620 -1.905859260 3.987520928 0.011402053 0.808113309 0.503128976 -0.306078595
1341848024.926754 1.095177215 -1.870670112 3.956187403 0.017339154 0.803013382 0.497016180 -0.328395767
1341848025.131056 1.168291701 -1.846884729 3.930114009 0.019231024 0.793560462 0.494713444 -0.353766264
1341848025.398825 1.221804486 -1.812255787 3.922463312 0.027348144 0.790151414 0.485659423 -0.372891065
1341848025.666677 1.301597724 -1.789685096 3.856696872 0.017092698 0.774217465 0.488619119 -0.401928491
1341848025.898725 1.328207112 -1.746031347 3.822324032 0.021103734 0.767820246 0.481441625 -0.422161892
1341848026.134670 1.342409868 -1.731928558 3.822382920 0.034367927 0.762327275 0.476820481 -0.436254742
1341848026.371024 1.381766000 -1.708789791 3.800532086 0.047521351 0.751410872 0.473837131 -0.456729455
1341848026.641972 1.410162267 -1.693132211 3.760879583 0.040441968 0.744932436 0.468846662 -0.472887852
1341848026.806747 1.539359223 -1.583539673 3.687044333 -0.045732893 -0.736199939 -0.442565845 0.509954532
1341848026.970651 1.580986114 -1.563357531 3.659334388 -0.042190880 -0.733632296 -0.447324034 0.509808584
1341848027.138671 1.628651905 -1.547979311 3.636417354 -0.044391855 -0.731244947 -0.444659300 0.515352595
1341848027.342775 1.692935741 -1.535660699 3.613958088 -0.044000768 -0.729927491 -0.435560062 0.524935447
1341848027.543310 1.752729843 -1.525199346 3.587335749 -0.041249857 -0.740663517 -0.423594323 0.519888308
1341848027.810746 1.810086394 -1.505817269 3.549413625 -0.035048162 -0.748675270 -0.423479244 0.508844078
1341848027.978757 1.832263313 -1.489198967 3.513190032 -0.030210076 -0.749706149 -0.431626074 0.500726446
1341848028.186050 1.851543436 -1.470268487 3.471176002 0.029027239 0.756149839 0.425624746 -0.496224159
1341848028.378956 1.866201607 -1.450358729 3.429325675 -0.030108591 -0.756597479 -0.418418768 0.501576976
1341848028.514701 1.879907467 -1.433817154 3.399895231 -0.033345673 -0.756793341 -0.411284601 0.506948599
1341848028.782861 1.913550375 -1.402544294 3.324775460 -0.037725179 -0.755156552 -0.411782517 0.508675291
1341848028.950881 1.934264454 -1.382624433 3.286695792 -0.041641042 -0.755130962 -0.412819662 0.507565937
1341848029.182676 1.954046971 -1.358525033 3.237777917 -0.037447321 -0.750320250 -0.418852078 0.510078579
1341848029.554721 2.011011647 -1.318788374 3.173591756 -0.030904927 -0.739049938 -0.414183127 0.530379499
1341848029.822778 2.073897493 -1.297275542 3.128247810 -0.035963068 -0.726947725 -0.404826298 0.553506397
1341848030.090782 2.129435700 -1.268747247 3.093125704 -0.040355645 -0.713112246 -0.399606362 0.574592989
1341848030.358886 2.164816405 -1.242550935 3.056074250 -0.039431848 -0.694175910 -0.400646500 0.596697006
1341848030.565795 2.182127832 -1.215026774 3.023789995 -0.039753919 -0.681202541 -0.398346384 0.612946068
1341848030.827483 2.205707209 -1.181380894 2.970500508 -0.044135352 -0.668176516 -0.380593407 0.637762395
1341848031.026698 2.232749792 -1.161615624 2.919788397 -0.054730137 -0.660047314 -0.358381383 0.657955120
1341848031.230953 2.257899647 -1.141901971 2.867399326 -0.065464168 -0.657870368 -0.346318513 0.665570815
1341848031.502110 2.281737374 -1.122209580 2.814046470 -0.064699496 -0.650094327 -0.344538957 0.674154469
1341848031.766658 2.309939777 -1.109550945 2.772875406 -0.057211980 -0.635155908 -0.335614936 0.693301072
1341848031.998742 2.345315116 -1.098219744 2.738750617 -0.056106777 -0.619613919 -0.321037856 0.714048539
1341848032.302842 2.394173374 -1.067221614 2.684639248 -0.053277342 -0.609234754 -0.315030881 0.725775505
1341848032.634746 2.439892354 -1.040546682 2.630056310 -0.045817482 -0.604296465 -0.302678393 0.735603379
1341848032.870732 2.464932021 -1.021169899 2.575687657 -0.042214676 -0.605383069 -0.298437973 0.736657340
1341848033.170741 2.469371530 -0.987415659 2.513359298 -0.041141180 -0.595855437 -0.288679722 0.748283181
1341848033.542876 2.467378061 -0.950838137 2.439443278 -0.046453148 -0.577426813 -0.280536369 0.765323282
1341848033.911229 2.472917243 -0.926647811 2.377727820 -0.051822976 -0.563947216 -0.266899894 0.779770712
1341848034.078802 2.478909068 -0.923846763 2.354708238 -0.041702037 -0.545947486 -0.253914368 0.797326643
1341848034.585774 2.534660058 -0.887250878 2.267018943 -0.036272942 -0.515366353 -0.220889045 0.827218125
1341848035.014942 2.570345940 -0.820254607 2.187928718 -0.045362697 -0.501737626 -0.226110647 0.833711914
1341848035.422709 2.566345675 -0.776568449 2.119787858 -0.048551613 -0.492655890 -0.217524963 0.841199028
1341848035.755991 2.548040681 -0.741817018 2.049459568 -0.058912360 -0.478620831 -0.192545506 0.854621356
1341848036.154810 2.520827159 -0.707049644 1.966270102 -0.071306384 -0.463061368 -0.174035288 0.866141610
1341848036.626802 2.481672501 -0.662437695 1.868563186 -0.060991492 -0.441331831 -0.168869523 0.879198121
1341848036.926846 2.462450230 -0.627431239 1.773566036 -0.051998315 -0.425575815 -0.145172060 0.891687431
1341848037.094661 2.452248310 -0.605706575 1.717004618 -0.039331154 -0.419382409 -0.138542501 0.896313244
1341848037.194724 2.441774491 -0.595123683 1.683673890 -0.025740391 -0.424505762 -0.133884925 0.895101736
1341848037.326868 2.441606444 -0.576880746 1.637764085 -0.013536795 -0.432452923 -0.129050760 0.892270769
1341848037.562958 2.412465759 -0.549160419 1.571854311 -0.003455452 -0.430924980 -0.135261837 0.892186055
1341848037.898921 2.355432629 -0.507372008 1.505674902 -0.006850341 -0.409893487 -0.130654168 0.902701440
1341848038.234726 2.286789483 -0.464441469 1.447114899 -0.026570342 -0.376877795 -0.126096358 0.917255064
1341848038.566862 2.229927708 -0.438005739 1.380165293 -0.015664342 -0.359542696 -0.124985109 0.924587692
1341848038.838770 2.192221269 -0.404202037 1.308655222 -0.009538773 -0.355632096 -0.122927362 0.926457602
1341848039.070805 2.179899494 -0.364901511 1.243091761 -0.011216592 -0.337866709 -0.110672400 0.934597183
1341848039.438853 2.157519976 -0.318165686 1.155370084 -0.012306394 -0.321427977 -0.101111507 0.941439893
1341848039.775334 2.122995219 -0.371574841 1.127317806 -0.032155767 -0.312276880 -0.105238502 0.943596320
1341848040.110819 2.031492733 -0.303800631 1.085546103 -0.030666053 -0.292846773 -0.086630309 0.951732920
1341848040.278950 1.985831459 -0.257169757 1.076289294 -0.031244467 -0.281096944 -0.078954727 0.955915500
1341848040.679034 1.848744064 -0.258258945 0.962396685 -0.031216423 -0.236767723 -0.058106446 0.969324621
1341848040.946862 1.723687173 -0.208266425 0.911167508 -0.006239606 -0.173031494 -0.039215628 0.984115493
1341848041.094347 1.677950392 -0.198443121 0.884814939 -0.010247528 -0.144444022 -0.025925887 0.989120196
1341848041.250726 1.619574176 -0.187213312 0.858538165 -0.022926424 -0.113822365 -0.010656673 0.993179381
1341848041.518788 1.572551720 -0.172330592 0.862402119 -0.034557050 -0.088546906 -0.000831111 0.995472031
1341848041.718789 1.519004701 -0.164597038 0.868855267 -0.032814542 -0.067274293 0.005517528 0.997179488
1341848041.918718 1.456652029 -0.167950020 0.881526705 -0.028651955 -0.060851632 0.025267404 0.997415512
1341848042.222883 1.377920549 -0.189243741 0.897155108 -0.031222417 -0.041421854 0.046401510 0.997575205
1341848042.429737 1.330535744 -0.192768336 0.914656922 -0.037455433 -0.022018640 0.053124947 0.997642225
1341848042.622730 1.277030447 -0.187448347 0.930980573 -0.041850038 0.003800561 0.071918756 0.996524873
1341848042.797954 1.244308971 -0.179459526 0.930712854 -0.038964002 0.023772741 0.090994401 0.994804846
1341848043.097862 1.180773045 -0.172728811 0.938716515 -0.043171790 0.060371196 0.113320579 0.990782500
1341848043.369819 1.118386058 -0.180246987 0.959858500 -0.040694655 0.083719850 0.121085717 0.988267768
1341848043.637798 1.050349095 -0.198019186 0.999120291 -0.041549812 0.094763688 0.136876448 0.985169170
1341848043.905731 0.987792615 -0.228036126 1.054914707 -0.048937199 0.108502984 0.147925870 0.981809651
1341848044.173825 0.943530136 -0.250193987 1.098904083 -0.051247877 0.111786423 0.148556079 0.981228078
1341848044.441696 0.906736125 -0.267997919 1.142778516 -0.057244130 0.127128568 0.160106092 0.977203907
1341848044.541856 0.905025562 -0.273365857 1.159190280 -0.059788452 0.136792792 0.170319695 0.974014514
1341848044.771011 0.873387856 -0.287347328 1.199766687 -0.057103346 0.163758140 0.197213802 0.964898542
1341848044.970797 0.835291039 -0.298760138 1.224213268 -0.051636510 0.173880340 0.213289841 0.960003511
1341848045.202698 0.808936666 -0.302723411 1.262740855 -0.058238764 0.174144965 0.216427242 0.958874875
1341848045.406703 0.779121417 -0.321990018 1.302984666 -0.061851208 0.178532526 0.212436275 0.958734267
1341848045.645890 0.751193096 -0.348478968 1.363557367 -0.068092459 0.169341675 0.206968879 0.961171523
1341848045.807609 0.733706005 -0.366354093 1.412530038 -0.072546589 0.158934183 0.198097831 0.964486479
1341848045.942758 0.722832077 -0.371896482 1.445579228 -0.072003627 0.144159819 0.190905192 0.968291605
1341848046.110817 0.703118783 -0.373772461 1.477373482 -0.073635715 0.124394298 0.174432081 0.974000662
1341848046.283599 0.679168994 -0.376181185 1.500085184 -0.077577682 0.108339978 0.157078140 0.978555369
1341848046.449782 0.650019249 -0.374440290 1.515759669 -0.085200535 0.098551237 0.143574464 0.981027469
1341848046.586076 0.628815343 -0.374597118 1.518001939 -0.089023571 0.086067375 0.133011184 0.983348990
1341848046.814747 0.577635258 -0.355855551 1.500649069 -0.078979966 0.069042271 0.123916648 0.986731977
1341848047.047884 0.461185385 -0.347176937 1.479521071 -0.079803272 0.098478972 0.128142166 0.983622344
1341848047.250668 0.427200471 -0.311523291 1.471657625 -0.076307444 0.086212951 0.120533713 0.986010205
1341848047.383038 0.423162309 -0.325793699 1.442528563 -0.084565195 0.063342789 0.115659144 0.987653472
1341848047.582955 0.367427161 -0.315963995 1.424407884 -0.076878506 0.051279766 0.108456800 0.989796546
1341848047.850811 0.308192460 -0.317440964 1.404112469 -0.077564955 0.044360444 0.100753504 0.990890791
1341848048.186720 0.221471597 -0.328672863 1.393620789 -0.075694537 0.053538683 0.101470402 0.990508811
1341848048.554990 0.148718090 -0.341558756 1.376288164 -0.059107048 0.067929465 0.104335410 0.990457504
1341848048.990810 0.075278913 -0.364201519 1.344405357 -0.025379820 0.063824134 0.100958562 0.992516858
1341848049.358802 -0.020539251 -0.360878412 1.305103459 -0.002392026 0.065151627 0.087184406 0.994056549
1341848049.695064 -0.105603629 -0.354299637 1.252466990 0.001985674 0.069963909 0.098721502 0.992650580
1341848049.869834 -0.162345654 -0.336736004 1.231908088 0.000780458 0.060263060 0.094413271 0.993707144
1341848050.030786 -0.211923372 -0.333650484 1.220484824 -0.002390144 0.052123605 0.089227350 0.994643603
1341848050.266732 -0.262448369 -0.325578091 1.194487479 -0.005425616 0.031149988 0.073502868 0.996793644
1341848050.498791 -0.336266795 -0.317405743 1.192048918 -0.006356242 0.020076909 0.052851460 0.998380308
1341848050.734789 -0.404026871 -0.324710184 1.181183504 -0.006204344 0.003102682 0.036956627 0.999292794
1341848050.902725 -0.430129019 -0.319041133 1.187200627 -0.002715535 -0.023581060 0.024870859 0.999408825
1341848051.170672 -0.512844543 -0.337024266 1.164964444 -0.003821947 -0.034800042 0.011805909 0.999317252
1341848051.370895 -0.530278239 -0.330160463 1.161003077 0.015481624 -0.057537033 0.004162549 0.998214647
1341848051.538932 -0.546491904 -0.338552788 1.150493610 0.017569151 -0.072593948 -0.011942124 0.997135311
1341848051.706714 -0.496513721 -0.241750445 1.164282121 0.073540159 -0.122602789 -0.041931854 0.988838774
1341848051.838757 -0.501327584 -0.320879500 1.142548839 0.043976420 -0.141204304 -0.071156950 0.986440119
1341848052.074871 -0.490503889 -0.328160096 1.103482886 0.029070440 -0.145081223 -0.102415016 0.983675512
1341848052.379476 -0.444746904 -0.274439705 1.084352145 0.038941333 -0.124914415 -0.127687951 0.983145843
1341848052.746833 -0.400595776 -0.240685211 1.033638072 0.044652087 -0.098481917 -0.150152194 0.982731816
1341848052.846856 -0.392875610 -0.256532916 1.013368958 0.032324975 -0.088205210 -0.152564553 0.983818578
1341848052.978684 -0.329089342 -0.242241597 0.994980018 0.038161404 -0.084176630 -0.150700616 0.984249626
1341848053.114846 -0.256831159 -0.221847676 0.992960119 0.044337874 -0.079120428 -0.144152164 0.985390412
1341848053.421775 -0.313222623 -0.232989417 0.910607176 0.034474052 -0.000006045 -0.114967493 0.992770877
1341848053.589737 -0.220923710 -0.190652468 0.906605807 0.037231096 0.000319079 -0.091712430 0.995089229
1341848053.758007 -0.201994069 -0.174636926 0.901480853 0.024054855 0.030774062 -0.061755732 0.997326702
1341848054.051032 -0.177439902 -0.172107875 0.853506757 0.026748982 0.062577154 -0.000864101 0.997681234
1341848054.422878 -0.222915022 -0.173745985 0.783548233 0.009582236 0.078691440 0.026104139 0.996511120
1341848054.991052 -0.240626014 -0.174830195 0.673080075 0.022428676 0.106855313 0.068437932 0.991662819
1341848055.394711 -0.285464085 -0.126485923 0.543316074 0.040862352 0.124148415 0.087478156 0.987555068
1341848055.694797 -0.333210973 -0.086243846 0.460094973 0.041082376 0.143914317 0.093251063 0.984329796
1341848056.030693 -0.420079024 -0.075766576 0.425148047 0.041982398 0.176980376 0.117548525 0.976267263
1341848056.366737 -0.564842815 -0.074613110 0.432280238 0.043316925 0.179060829 0.126099973 0.974761335
1341848056.634801 -0.678175570 -0.068786716 0.428082983 0.022838304 0.156598980 0.145305479 0.976648089
1341848056.934715 -0.772020344 -0.089374879 0.437730540 0.009370760 0.143067127 0.138581639 0.979917913
1341848057.370841 -0.917338738 -0.088348495 0.459510471 -0.015065814 0.162609599 0.131968071 0.977709347
1341848057.670943 -1.041217928 -0.082117616 0.468270980 -0.029909332 0.186927083 0.155567994 0.969516527
1341848057.906831 -1.142761066 -0.088005708 0.476381008 -0.028478920 0.203492214 0.175583257 0.962782628
1341848058.142699 -1.242519938 -0.106622976 0.484602498 -0.023637077 0.191948425 0.176744730 0.965069112
1341848058.374887 -1.324579742 -0.115973725 0.519337420 -0.010511537 0.185137898 0.163253293 0.969000428
1341848058.678730 -1.400527061 -0.151692523 0.579684304 -0.006358103 0.198684373 0.183004628 0.962804965
1341848059.214738 -1.461643686 -0.179444798 0.619137804 -0.001184594 0.235966407 0.193364349 0.952328032
1341848059.850685 -1.480353927 -0.177143734 0.626668741 0.020805682 0.277833024 0.200104100 0.939326505
1341848060.790920 -1.459113160 -0.141018302 0.592738666 0.056955849 0.288432950 0.154952692 0.943160712
1341848061.558821 -1.338249945 -0.175178755 0.573818823 0.091733729 0.272555287 0.156561301 0.944874117
1341848063.135045 -1.154642668 -0.165856586 0.592541122 0.074307053 0.215108331 0.132926748 0.964643638
1341848063.709890 -1.029670733 -0.145056713 0.592217789 0.051565808 0.199222244 0.119525284 0.971269876
1341848064.045815 -0.952068791 -0.187324519 0.645774917 0.047257029 0.189020563 0.107193151 0.974960321
1341848064.313795 -0.845123942 -0.192712843 0.666888955 0.053735990 0.178599869 0.108802247 0.976410058
1341848064.649724 -0.721373247 -0.218096511 0.698870086 0.057647599 0.181814874 0.101872792 0.976341149
1341848065.078713 -0.620257965 -0.210312866 0.702205364 0.057193859 0.163804977 0.114388473 0.978167710
1341848065.446728 -0.514362553 -0.204346355 0.684389658 0.061365264 0.148277755 0.101139512 0.981844596
1341848065.918698 -0.439375812 -0.167247854 0.678081960 0.065525855 0.118182096 0.076927090 0.987836817
1341848067.426869 -0.143203604 -0.207989442 0.741510951 0.065804532 0.053421721 0.020701467 0.996186394
1341848067.862808 -0.092859779 -0.189176088 0.721269880 0.077862021 0.070095678 0.036098221 0.993841547
