1341847980.722988 0.0000000 0.0000000 0.0000000 -0.0000000 -0.0000000 -0.0000000 1.0000000
1341847982.462624 -0.1773011 0.0036207 -0.0432197 0.0087770 0.0193701 0.0085084 0.9997377
1341847982.498616 -0.1827548 0.0079530 -0.0435178 0.0092615 0.0226227 0.0088042 0.9996624
1341847982.630723 -0.2011836 0.0041995 -0.0376476 0.0023479 0.0322635 0.0122333 0.9994018
1341847983.066707 -0.3357812 0.0102339 -0.0218842 0.0007325 0.0542637 0.0219587 0.9982849
1341847983.334718 -0.4092744 -0.0051957 -0.0212058 -0.0079432 0.0570765 0.0233640 0.9980648
1341847983.702857 -0.5483948 -0.0060455 -0.0227219 0.0014387 0.0768364 0.0257577 0.9967099
1341847983.906692 -0.6381785 0.0016974 -0.0338717 0.0118540 0.0768587 0.0347584 0.9963654
1341847984.106759 -0.7160335 0.0120822 -0.0343445 0.0013949 0.0880780 0.0305915 0.9956428
1341847984.406718 -0.8252530 0.0341296 0.0051938 -0.0142432 0.0868823 0.0322220 0.9955955
1341847984.710651 -0.9116047 0.0108720 0.1005382 -0.0134399 0.0929205 0.0352683 0.9949579
1341847984.979236 -0.9740407 -0.0266066 0.1939927 -0.0070494 0.0921484 0.0496179 0.9944833
1341847985.378830 -1.0186936 -0.0962762 0.3249631 -0.0135614 0.1227508 0.0553263 0.9908013
1341847985.714719 -1.0746993 -0.1492096 0.4535939 -0.0037964 0.1493094 0.0686760 0.9863954
1341847985.814703 -1.0915618 -0.1766706 0.4860386 0.0070907 0.1559939 0.0757862 0.9848208
1341847985.982712 -1.1164564 -0.2085347 0.5314716 0.0096495 0.1702663 0.0837276 0.9817871
1341847986.326156 -1.1521546 -0.2717882 0.6415236 0.0109347 0.2008756 0.0961676 0.9748237
1341847986.661920 -1.1688683 -0.3241104 0.7653951 0.0135672 0.2300698 0.1093337 0.9669178
1341847987.054629 -1.1858048 -0.3834376 0.9024494 -0.0025963 0.2466657 0.1428628 0.9585090
1341847987.290653 -1.1966159 -0.4193926 0.9759622 -0.0162652 0.2727135 0.1432114 0.9512378
1341847987.526761 -1.2257730 -0.4228005 1.0439646 0.0034553 0.3093739 0.1399602 0.9405780
1341847987.826748 -1.2665145 -0.4193160 1.1491328 0.0151427 0.3285278 0.1663326 0.9296094
1341847988.165801 -1.3151481 -0.4364265 1.2443305 0.0321103 0.3375786 0.1516465 0.9284465
1341847988.537778 -1.3455639 -0.4358635 1.3222607 0.0306512 0.3450894 0.1749778 0.9216055
1341847988.873917 -1.3927690 -0.4568762 1.3594899 0.0134788 0.3573490 0.1826585 0.9158362
1341847989.098821 -1.4493248 -0.4748175 1.3817858 0.0089835 0.3667019 0.1922517 0.9102134
1341847989.202743 -1.4805515 -0.4879701 1.3886499 0.0181054 0.3648154 0.1942328 0.9104151
1341847989.334871 -1.5244164 -0.5079266 1.3941844 0.0179135 0.3582796 0.1847648 0.9149737
1341847989.570705 -1.5852833 -0.5402086 1.4011497 0.0081095 0.3596727 0.1698407 0.9174551
1341847989.902718 -1.6766717 -0.5663369 1.4122797 0.0040033 0.3818881 0.1640393 0.9095255
1341847990.171055 -1.7749093 -0.5870446 1.4212899 0.0108844 0.3849779 0.1695912 0.9071451
1341847990.442575 -1.8673933 -0.6025249 1.4306242 0.0109221 0.3798745 0.1742553 0.9084113
1341847991.042752 -2.0037026 -0.6347771 1.4795576 0.0081944 0.4023967 0.1990922 0.8935167
1341847991.346722 -2.0672543 -0.6625251 1.5318705 0.0193686 0.4172074 0.2116416 0.8836123
1341847991.646714 -2.1104391 -0.6982281 1.5795785 0.0135304 0.4326282 0.2417567 0.8684489
1341847991.915817 -2.1380129 -0.7315134 1.6064280 0.0142282 0.4614482 0.2525034 0.8503560
1341847992.318683 -2.2046862 -0.7863033 1.6808133 0.0106462 0.4927496 0.2528014 0.8325719
1341847992.586730 -2.2726688 -0.8207787 1.7333260 0.0156051 0.5097045 0.2683036 0.8172949
1341847992.886610 -2.3395967 -0.8552687 1.7956173 0.0098057 0.5211442 0.2738904 0.8082677
1341847993.261799 -2.3813806 -0.8971940 1.8799334 0.0081922 0.5379183 0.2814781 0.7945733
1341847993.558719 -2.4070728 -0.9378140 1.9630318 0.0157660 0.5547580 0.2952245 0.7777130
1341847993.658928 -2.4168684 -0.9505608 1.9951911 0.0103607 0.5555223 0.3019152 0.7746837
1341847993.933661 -2.4223986 -0.9957063 2.0701451 -0.0053747 0.5663111 0.3044204 0.7658924
1341847994.233618 -2.4329739 -1.0533257 2.1299007 0.0017839 0.5856927 0.3063992 0.7503869
1341847994.501736 -2.4764535 -1.1022737 2.1998997 0.0173540 0.6013855 0.3097332 0.7362742
1341847994.701643 -2.5054514 -1.1358042 2.2648249 0.0169510 0.6094432 0.3196202 0.7253514
1341847994.831306 -2.5234900 -1.1534193 2.3071196 0.0098699 0.6183896 0.3263038 0.7148585
1341847994.930711 -2.5301533 -1.1676437 2.3372459 0.0038676 0.6206799 0.3313153 0.7106136
1341847995.166644 -2.5336001 -1.1956370 2.3912582 0.0070244 0.6397392 0.3410537 0.6887429
1341847995.502702 -2.5397470 -1.2398983 2.4682665 0.0102836 0.6573313 0.3445362 0.6701528
1341847995.802752 -2.5278561 -1.2663225 2.5375969 0.0124216 0.6564728 0.3678947 0.6584395
1341847996.170714 -2.5197985 -1.2985535 2.5788231 0.0125847 0.6765028 0.3675185 0.6380563
1341847996.642752 -2.5458150 -1.3298593 2.6503170 0.0187918 0.6980522 0.3770711 0.6084304
1341847996.974782 -2.5535238 -1.3633201 2.7337208 0.0122542 0.7101310 0.3899288 0.5861053
1341847997.210888 -2.5745168 -1.4000010 2.8094418 0.0144141 0.7140676 0.3832988 0.5856465
1341847997.478752 -2.5682142 -1.4421601 2.8712516 0.0114901 0.7249767 0.3806612 0.5739110
1341847997.678842 -2.5434976 -1.4795195 2.9216235 0.0102217 0.7379761 0.3758363 0.5603872
1341847997.982715 -2.4999368 -1.5332825 3.0112009 0.0229502 0.7479356 0.3795848 0.5440413
1341847998.253760 -2.4630291 -1.5793242 3.0833302 0.0232750 0.7442958 0.3854897 0.5448666
1341847998.450786 -2.4367299 -1.6109154 3.1437590 0.0141778 0.7406270 0.3812311 0.5531125
1341847998.650736 -2.4208753 -1.6403515 3.2117376 0.0022048 0.7374203 0.3793282 0.5588530
1341847998.786762 -2.4076817 -1.6607013 3.2589664 0.0008300 0.7375616 0.3826436 0.5564046
1341847998.918666 -2.4023685 -1.6815495 3.3115079 0.0002764 0.7399111 0.3863045 0.5507272
1341847999.122718 -2.3865883 -1.7017772 3.3780303 -0.0046103 0.7362356 0.3973073 0.5477981
1341847999.322701 -2.3612263 -1.7252699 3.4251020 0.0035901 0.7505274 0.3990501 0.5267397
1341847999.454933 -2.3501415 -1.7399689 3.4547670 0.0117476 0.7599939 0.3986746 0.5131568
1341847999.622896 -2.3263068 -1.7566320 3.4852166 0.0221524 0.7743246 0.4062403 0.4846643
1341847999.858757 -2.2629073 -1.7673438 3.5167756 0.0300545 0.7893124 0.4131975 0.4531562
1341848000.058724 -2.2085233 -1.7655417 3.5353751 0.0318869 0.7935105 0.4373785 0.4219294
1341848000.594838 -2.0738335 -1.7438674 3.5492733 0.0191591 0.8034834 0.4672028 0.3684684
1341848000.930722 -1.9761982 -1.7567859 3.5577588 0.0341185 0.8194194 0.4664664 0.3313560
1341848001.334803 -1.8492852 -1.7567160 3.5851347 0.0280745 0.8343701 0.4644926 0.2954404
1341848001.567011 -1.7842822 -1.7340646 3.5742464 0.0156303 0.8486708 0.4636236 0.2541003
1341848001.870724 -1.7052966 -1.7131860 3.5493846 0.0154206 0.8620743 0.4646592 0.2016977
1341848002.102720 -1.6434708 -1.7061214 3.5272360 0.0250462 0.8652400 0.4707276 0.1707277
1341848002.370786 -1.5755844 -1.6868443 3.5035276 0.0162039 0.8660690 0.4797288 0.1397222
1341848002.674651 -1.5092952 -1.6495957 3.4923058 0.0057921 0.8630484 0.4915065 0.1163410
1341848002.842833 -1.4651300 -1.6199267 3.4870868 0.0067820 0.8605837 0.4969488 0.1113179
1341848003.074988 -1.4029083 -1.6106613 3.4866652 0.0070246 0.8635085 0.4879205 0.1274256
1341848003.310739 -1.3438625 -1.5942430 3.4819248 -0.0102560 0.8649915 0.4837168 0.1330506
1341848003.442728 -1.3045585 -1.5832081 3.4844434 -0.0185440 0.8662059 0.4773164 0.1466715
1341848003.578749 -1.2677314 -1.5733933 3.4836361 -0.0194430 0.8631522 0.4750186 0.1701399
1341848003.717853 -1.2334926 -1.5640743 3.4765966 -0.0237485 0.8613290 0.4689821 0.1939181
1341848003.853971 -1.2026646 -1.5490909 3.4647903 -0.0274681 0.8569728 0.4682105 0.2135935
1341848004.021643 -1.1637628 -1.5315404 3.4414079 -0.0277001 0.8523712 0.4684343 0.2307928
1341848004.189785 -1.1241953 -1.5076927 3.4184673 -0.0257160 0.8474308 0.4690355 0.2473972
1341848004.321820 -1.0914346 -1.4886842 3.4053991 -0.0308663 0.8413504 0.4685986 0.2675670
1341848004.525726 -1.0457439 -1.4559959 3.3971341 -0.0438418 0.8293518 0.4674291 0.3029251
1341848004.889791 -0.9883540 -1.4168124 3.3928809 -0.0567484 0.8045709 0.4814372 0.3430212
1341848005.693760 -0.9096947 -1.4017572 3.4217227 -0.0628135 0.7709762 0.4716370 0.4233304
1341848006.233778 -0.8574619 -1.4231884 3.4470942 -0.0417940 0.7580050 0.4424907 0.4773716
1341848006.670119 -0.8179183 -1.4350460 3.4882152 -0.0329503 0.7492759 0.4280423 0.5042616
1341848007.237921 -0.7653246 -1.5078000 3.5664971 -0.0120630 0.7688579 0.4395778 0.4642019
1341848007.534834 -0.7414932 -1.5599473 3.6187236 -0.0061004 0.7763129 0.4429560 0.4484318
1341848007.902779 -0.7012815 -1.5982919 3.6772141 -0.0026472 0.7932307 0.4553998 0.4042141
1341848008.202734 -0.6449320 -1.6400030 3.7190597 0.0071248 0.8028700 0.4747384 0.3605171
1341848008.538786 -0.5793290 -1.6757891 3.7606838 0.0125887 0.8081653 0.4961753 0.3170495
1341848008.874631 -0.5264392 -1.7128339 3.7962184 0.0164545 0.8170974 0.5015461 0.2837829
1341848009.174693 -0.4775848 -1.7267430 3.8271828 0.0084846 0.8273675 0.5030796 0.2496036
1341848009.310898 -0.4564085 -1.7266707 3.8433769 0.0112760 0.8299588 0.5129801 0.2188439
1341848009.479022 -0.4232943 -1.7283096 3.8593664 0.0106633 0.8309751 0.5217978 0.1925975
1341848009.746819 -0.3567884 -1.7239883 3.8649485 0.0017357 0.8335265 0.5200998 0.1863514
1341848009.978905 -0.2942445 -1.7099469 3.8640246 0.0017616 0.8344344 0.5181897 0.1876047
1341848010.114748 -0.2701437 -1.6892679 3.8542945 0.0025593 0.8348206 0.5182268 0.1857662
1341848010.282749 -0.2342443 -1.6686308 3.8144743 0.0043302 0.8324855 0.5257221 0.1748298
1341848010.414692 -0.2135100 -1.6541677 3.7794120 0.0075768 0.8303153 0.5319179 0.1660798
1341848010.618690 -0.1926254 -1.6341565 3.7360270 0.0069469 0.8293843 0.5386922 0.1479331
1341848010.782711 -0.1817100 -1.6292675 3.6995101 0.0076670 0.8289586 0.5432789 0.1327289
1341848011.051016 -0.1702559 -1.6164877 3.6682727 0.0118950 0.8334533 0.5416535 0.1087458
1341848011.386749 -0.1496173 -1.6036792 3.6475251 0.0108102 0.8375079 0.5409744 0.0762258
1341848011.722610 -0.1360168 -1.5804150 3.6229537 0.0114296 0.8359454 0.5473494 0.0383840
1341848012.190967 -0.1369502 -1.5207570 3.5529797 0.0083586 0.8270309 0.5620314 0.0084098
1341848012.426830 -0.1378538 -1.4771829 3.5050318 -0.0084016 0.8193663 0.5725769 0.0269064
1341848012.726854 -0.1236202 -1.4325809 3.4468234 -0.0310043 0.8139353 0.5774027 0.0561626
1341848012.862795 -0.1120863 -1.4168873 3.4268970 -0.0436171 0.8116888 0.5765277 0.0829141
1341848013.130817 -0.0963508 -1.3948510 3.4201953 -0.0629775 0.8132559 0.5634729 0.1309465
1341848013.398748 -0.0765579 -1.3772793 3.4331264 -0.0635225 0.8037589 0.5623690 0.1835148
1341848013.498782 -0.0679810 -1.3753548 3.4312618 -0.0668819 0.7936718 0.5674351 0.2088759
1341848013.566664 -0.0565152 -1.3738779 3.4380264 -0.0743369 0.7917893 0.5631694 0.2244640
1341848013.666669 -0.0437191 -1.3747822 3.4390926 -0.0759624 0.7863863 0.5605389 0.2482385
1341848013.802717 -0.0281928 -1.3758583 3.4502897 -0.0788770 0.7884834 0.5443615 0.2752142
1341848014.034942 -0.0006967 -1.3676783 3.4614956 -0.0834854 0.7792662 0.5330185 0.3188506
1341848014.170724 0.0218534 -1.3625946 3.4677558 -0.0950360 0.7690001 0.5280411 0.3475336
1341848014.270714 0.0454073 -1.3578076 3.4752800 -0.1013289 0.7622197 0.5212432 0.3702148
1341848014.370553 0.0683637 -1.3548282 3.4826164 -0.1010656 0.7534213 0.5160224 0.3947948
1341848014.470783 0.0942411 -1.3539685 3.4932253 -0.1061769 0.7458590 0.5042925 0.4220308
1341848014.570790 0.1168194 -1.3568597 3.5053396 -0.1098697 0.7396200 0.4886789 0.4495375
1341848014.706765 0.1472154 -1.3632230 3.5196760 -0.1063211 0.7308168 0.4746074 0.4789055
1341848014.874686 0.1835852 -1.3645064 3.5403256 -0.0921353 0.7229413 0.4600852 0.5071377
1341848014.974705 0.1982961 -1.3613019 3.5488462 -0.0838825 0.7134243 0.4578281 0.5238159
1341848015.074864 0.2075515 -1.3542866 3.5503719 -0.0975263 0.6979764 0.4594675 0.5405619
1341848015.310598 0.2395425 -1.3360122 3.5591016 -0.1111527 0.6685306 0.4532878 0.5790009
1341848015.474959 0.2578745 -1.3297070 3.5579700 -0.1073634 0.6380840 0.4460207 0.6183749
1341848015.650094 0.2670557 -1.3248205 3.5565939 -0.1060498 0.6050338 0.4273935 0.6633419
1341848015.785761 0.2776535 -1.3278904 3.5628388 -0.1024970 0.5856411 0.4117662 0.6906283
1341848015.917793 0.2810826 -1.3326938 3.5613935 -0.1020092 0.5699614 0.3883258 0.7168970
1341848016.121844 0.2803605 -1.3419234 3.5611882 -0.0939499 0.5531167 0.3619356 0.7444715
1341848016.621860 0.2622640 -1.3652813 3.5841300 -0.0753817 0.5688288 0.3737514 0.7287395
1341848016.757848 0.2536552 -1.3735158 3.6009865 -0.0648200 0.5709980 0.3750343 0.7273988
1341848016.882757 0.2391622 -1.3918896 3.6178474 -0.0654402 0.5708027 0.3767058 0.7266324
1341848016.986658 0.2279069 -1.4033709 3.6318247 -0.0680697 0.5707321 0.3778975 0.7258272
1341848017.186855 0.2006619 -1.4280778 3.6559455 -0.0680642 0.5853596 0.3864131 0.7095114
1341848017.318695 0.1804774 -1.4414169 3.6735165 -0.0532969 0.6054980 0.3867383 0.6935165
1341848017.386825 0.1606236 -1.4539559 3.6720326 -0.0467215 0.6131560 0.3858707 0.6877213
1341848017.522694 0.1363497 -1.4706855 3.6813159 -0.0379848 0.6261992 0.3897597 0.6741803
1341848017.654814 0.1141253 -1.4821006 3.6875169 -0.0306944 0.6392519 0.3907159 0.6616313
1341848017.754780 0.1047292 -1.4917873 3.6919351 -0.0207834 0.6478171 0.3913112 0.6532814
1341848017.922823 0.0815258 -1.5079663 3.7020512 -0.0129852 0.6575320 0.3876827 0.6458989
1341848018.122747 0.0662565 -1.5186559 3.7176943 -0.0150690 0.6677544 0.3939503 0.6314113
1341848018.397728 0.0617104 -1.5447657 3.7525768 -0.0144011 0.6864799 0.4048041 0.6038805
1341848018.565849 0.0587039 -1.5632677 3.7912457 -0.0054583 0.6960405 0.4203295 0.5820833
1341848018.733853 0.0565934 -1.5893128 3.8338244 -0.0086944 0.7072829 0.4273431 0.5630747
1341848018.901964 0.0540786 -1.6211061 3.8765817 -0.0068403 0.7168380 0.4249049 0.5527679
1341848019.130792 0.0491905 -1.6643506 3.9199774 -0.0061497 0.7262524 0.4274153 0.5383641
1341848019.330680 0.0430932 -1.6950976 3.9657617 -0.0108582 0.7401806 0.4352741 0.5123976
1341848019.530821 0.0332303 -1.7345426 4.0298910 -0.0107980 0.7580832 0.4353418 0.4854593
1341848019.766703 0.0310740 -1.7758313 4.1084251 -0.0095617 0.7685183 0.4413695 0.4631210
1341848020.002811 0.0352497 -1.8057331 4.1573362 -0.0024162 0.7813623 0.4501630 0.4322272
1341848020.234873 0.0502510 -1.8313599 4.2028441 -0.0041845 0.7975737 0.4543954 0.3967159
1341848020.471200 0.0873108 -1.8557262 4.2401404 -0.0011014 0.8177701 0.4520158 0.3562759
1341848020.706669 0.1185417 -1.8820577 4.2903862 0.0107558 0.8296006 0.4595008 0.3170272
1341848020.938790 0.1640472 -1.9105519 4.3232613 0.0139726 0.8322628 0.4708170 0.2923610
1341848021.206698 0.2161732 -1.9375981 4.3610497 0.0130612 0.8407773 0.4735979 0.2619694
1341848021.455728 0.2767410 -1.9654173 4.3928385 0.0190999 0.8592325 0.4630204 0.2167181
1341848021.742811 0.3593376 -1.9984157 4.4446878 0.0159010 0.8711316 0.4584891 0.1751134
1341848022.010782 0.4422743 -2.0077939 4.4577074 0.0067311 0.8781561 0.4564642 0.1429578
1341848022.278764 0.5291221 -2.0134933 4.4463577 0.0060663 0.8877898 0.4485786 0.1028088
1341848022.521730 0.5998297 -2.0248706 4.4173717 0.0182577 0.8949094 0.4416256 0.0614047
1341848022.782985 0.6675720 -2.0366430 4.3905349 0.0222201 0.8979865 0.4390679 0.0186010
1341848022.918835 0.6947043 -2.0255549 4.3816619 -0.0127900 -0.8903913 -0.4548457 0.0124562
1341848023.186687 0.7913733 -2.0041413 4.3315711 -0.0015203 -0.8841376 -0.4589276 0.0876575
1341848023.454710 0.8711472 -1.9648802 4.3065653 0.0077207 -0.8644802 -0.4829645 0.1391391
1341848023.754690 0.9289566 -1.9342012 4.2563076 0.0068609 -0.8600222 -0.4767945 0.1816087
1341848023.990739 0.9590912 -1.9070044 4.1944427 0.0075626 -0.8548747 -0.4707632 0.2179772
1341848024.222838 0.9818943 -1.8853531 4.1333842 -0.0107324 -0.8461013 -0.4707599 0.2497651
1341848024.526783 1.0086536 -1.8431392 4.0700169 -0.0073399 -0.8300548 -0.4778244 0.2874702
1341848024.727054 1.0388978 -1.8122103 4.0367250 -0.0065951 -0.8185320 -0.4828213 0.3111999
1341848024.926754 1.0838084 -1.7824899 4.0024805 -0.0126942 -0.8120756 -0.4766451 0.3364248
1341848025.131056 1.1386890 -1.7591430 3.9787066 -0.0164842 -0.8039440 -0.4748109 0.3577108
1341848025.398825 1.2011132 -1.7324100 3.9441524 -0.0230435 -0.7960216 -0.4699843 0.3807011
1341848025.666677 1.2420988 -1.7103392 3.9071426 -0.0192359 -0.7859724 -0.4708999 0.4001635
1341848025.898725 1.2714722 -1.6858588 3.8762841 -0.0223583 -0.7786565 -0.4666959 0.4187949
1341848026.134670 1.3028612 -1.6562203 3.8399019 -0.0334033 -0.7685954 -0.4619973 0.4412525
1341848026.371024 1.3363967 -1.6288376 3.8092849 -0.0482221 -0.7570803 -0.4587753 0.4626330
1341848026.641972 1.3730469 -1.6022801 3.7704875 -0.0484770 -0.7510823 -0.4486817 0.4818818
1341848026.806747 1.4039688 -1.5855346 3.7463651 -0.0468305 -0.7492810 -0.4477659 0.4856856
1341848026.970651 1.4481626 -1.5665402 3.7205439 -0.0428387 -0.7469265 -0.4523665 0.4854177
1341848027.138671 1.4980288 -1.5524514 3.6998663 -0.0447963 -0.7447870 -0.4497602 0.4909189
1341848027.342775 1.5643890 -1.5418310 3.6805246 -0.0443601 -0.7438314 -0.4407037 0.5005271
1341848027.543310 1.6264341 -1.5329556 3.6568499 -0.0417513 -0.7545742 -0.4284871 0.4952509
1341848027.810746 1.6868591 -1.5151620 3.6217442 -0.0353404 -0.7625163 -0.4279593 0.4839119
1341848027.978757 1.7120166 -1.4992146 3.5865722 -0.0300026 -0.7635555 -0.4357833 0.4755795
1341848028.186050 1.7346516 -1.4809180 3.5454655 -0.0287682 -0.7699941 -0.4295817 0.4708939
1341848028.378956 1.7526999 -1.4615197 3.5042844 -0.0297956 -0.7706608 -0.4223704 0.4762324
1341848028.514701 1.7690704 -1.4453632 3.4754848 -0.0329779 -0.7710505 -0.4152835 0.4815944
1341848028.782861 1.8081317 -1.4152830 3.4020414 -0.0370737 -0.7695175 -0.4158105 0.4832907
1341848028.950881 1.8320496 -1.3959597 3.3649745 -0.0407032 -0.7695230 -0.4168221 0.4821171
1341848029.182676 1.8557220 -1.3725091 3.3170166 -0.0360543 -0.7649457 -0.4226575 0.4846841
1341848029.554721 1.9176931 -1.3343409 3.2557478 -0.0293495 -0.7543769 -0.4179345 0.5053561
1341848029.822778 1.9841485 -1.3143449 3.2137508 -0.0343845 -0.7429124 -0.4088618 0.5288960
1341848030.090782 2.0428562 -1.2870724 3.1815257 -0.0386264 -0.7296838 -0.4038760 0.5504124
1341848030.358886 2.0814929 -1.2617095 3.1462870 -0.0373450 -0.7114614 -0.4050131 0.5730554
1341848030.565795 2.1018481 -1.2346079 3.1148028 -0.0374496 -0.6990110 -0.4027498 0.5897234
1341848030.827483 2.1297379 -1.2016592 3.0626569 -0.0420853 -0.6866466 -0.3852167 0.6151044
1341848031.026698 2.1606669 -1.1826203 3.0133731 -0.0531016 -0.6789703 -0.3633211 0.6357495
1341848031.230953 2.1897936 -1.1635981 2.9623115 -0.0639934 -0.6769245 -0.3514244 0.6435674
1341848031.502110 2.2176566 -1.1445693 2.9102149 -0.0630683 -0.6694411 -0.3495027 0.6524714
1341848031.766658 2.2490647 -1.1325378 2.8705740 -0.0556162 -0.6551142 -0.3403562 0.6722275
1341848031.998742 2.2872102 -1.1218783 2.8383791 -0.0547195 -0.6401448 -0.3257399 0.6936237
1341848032.302842 2.3402424 -1.0919076 2.7868423 -0.0518794 -0.6301162 -0.3195340 0.7058046
1341848032.634746 2.3900795 -1.0661899 2.7346845 -0.0446335 -0.6254672 -0.3068073 0.7160084
1341848032.870732 2.4191315 -1.0474466 2.6816306 -0.0410329 -0.6265820 -0.3021999 0.7172074
1341848033.170741 2.4282460 -1.0141010 2.6193640 -0.0400888 -0.6173247 -0.2922480 0.7293108
1341848033.542876 2.4315877 -0.9779501 2.5451417 -0.0454597 -0.5992647 -0.2841374 0.7470483
1341848033.911229 2.4415748 -0.9541824 2.4836102 -0.0510774 -0.5860400 -0.2704808 0.7620947
1341848034.078802 2.4495900 -0.9514719 2.4609058 -0.0411924 -0.5684636 -0.2570751 0.7804260
1341848034.585774 2.5112085 -0.9160875 2.3760815 -0.0365527 -0.5384986 -0.2238675 0.8115212
1341848035.014942 2.5525956 -0.8499948 2.2984633 -0.0453844 -0.5249045 -0.2290597 0.8185030
1341848035.422709 2.5534518 -0.8067182 2.2298005 -0.0487293 -0.5158322 -0.2202519 0.8264573
1341848035.755991 2.5399952 -0.7722858 2.1582549 -0.0596956 -0.5018381 -0.1952727 0.8405138
1341848036.154810 2.5182629 -0.7379171 2.0733917 -0.0725160 -0.4862655 -0.1767824 0.8526636
1341848036.626802 2.4853671 -0.6938007 1.9733150 -0.0622862 -0.4646733 -0.1710389 0.8665708
1341848036.926846 2.4720693 -0.6594386 1.8770835 -0.0538926 -0.4488932 -0.1467547 0.8798031
1341848037.094661 2.4656341 -0.6380516 1.8198297 -0.0413800 -0.4425288 -0.1393605 0.8848925
1341848037.194724 2.4576375 -0.6275848 1.7858742 -0.0278886 -0.4473163 -0.1338452 0.8838642
1341848037.326868 2.4605532 -0.6096439 1.7397922 -0.0157771 -0.4548569 -0.1281724 0.8811516
1341848037.562958 2.4354837 -0.5823866 1.6722062 -0.0055189 -0.4530192 -0.1336441 0.8814094
1341848037.898921 2.3825097 -0.5410716 1.6028655 -0.0090492 -0.4318374 -0.1287223 0.8926731
1341848038.234726 2.3174751 -0.4985988 1.5406090 -0.0289443 -0.3987434 -0.1242679 0.9081428
1341848038.566862 2.2644958 -0.4727987 1.4707596 -0.0181276 -0.3811417 -0.1224356 0.9161943
1341848038.838770 2.2307510 -0.4397328 1.3971775 -0.0120831 -0.3767960 -0.1196786 0.9184530
1341848039.070805 2.2219748 -0.4010869 1.3306135 -0.0141313 -0.3586526 -0.1069610 0.9272152
1341848039.438853 2.2039614 -0.3553619 1.2413809 -0.0155372 -0.3417830 -0.0968932 0.9346415
1341848039.775334 2.1576347 -0.3189953 1.1838855 -0.0091359 -0.3252098 -0.1018673 0.9400948
1341848040.110819 2.0890598 -0.2806841 1.1250874 -0.0135440 -0.3062318 -0.0866243 0.9479108
1341848040.278950 2.0503621 -0.2672623 1.0977681 -0.0246324 -0.2893683 -0.0822321 0.9533610
1341848040.679034 1.9758956 -0.2584872 1.0286907 -0.0220658 -0.2666134 -0.0591041 0.9617365
1341848040.946862 1.9210566 -0.2468570 0.9962054 -0.0061071 -0.2190357 -0.0447208 0.9746724
1341848041.094347 1.9016984 -0.2312451 0.9822906 -0.0105936 -0.2032556 -0.0276643 0.9786775
1341848041.250726 1.8700236 -0.2143807 0.9664122 -0.0245816 -0.1856335 -0.0090906 0.9822695
1341848041.518788 1.8136126 -0.1986507 0.9621062 -0.0365056 -0.1586324 -0.0006718 0.9866624
1341848041.718789 1.7504076 -0.1900351 0.9597210 -0.0347745 -0.1355204 0.0052703 0.9901501
1341848041.918718 1.6776676 -0.1924592 0.9625964 -0.0314404 -0.1270488 0.0248310 0.9910871
1341848042.222883 1.5883607 -0.2128102 0.9665745 -0.0348295 -0.1055559 0.0454721 0.9927624
1341848042.429737 1.5298675 -0.2152712 0.9767666 -0.0408634 -0.0840278 0.0515871 0.9942878
1341848042.622730 1.4654762 -0.2088841 0.9852806 -0.0457387 -0.0559535 0.0699228 0.9949312
1341848042.797954 1.4237424 -0.1997714 0.9801098 -0.0432632 -0.0336977 0.0889894 0.9945219
1341848043.097862 1.3504293 -0.1919264 0.9798072 -0.0479520 0.0052887 0.1109547 0.9926539
1341848043.369819 1.2768148 -0.1983346 0.9929956 -0.0450614 0.0310503 0.1188509 0.9914030
1341848043.637798 1.1957291 -0.2150593 1.0239099 -0.0458354 0.0446858 0.1347118 0.9888150
1341848043.905731 1.1185923 -0.2441477 1.0721594 -0.0527855 0.0612506 0.1457466 0.9860122
1341848044.173825 1.0610693 -0.2653898 1.1108462 -0.0540976 0.0674440 0.1467622 0.9853861
1341848044.441696 1.0112401 -0.2823565 1.1504381 -0.0595242 0.0859616 0.1587234 0.9817711
1341848044.541856 0.9988908 -0.2867044 1.1659647 -0.0613655 0.0988131 0.1695416 0.9786348
1341848044.771011 0.9549949 -0.2999883 1.2033044 -0.0585158 0.1292080 0.1974284 0.9700016
1341848044.970797 0.9060330 -0.3106247 1.2244273 -0.0523180 0.1427203 0.2145829 0.9648046
1341848045.202698 0.8680581 -0.3140402 1.2607615 -0.0576280 0.1464521 0.2184333 0.9630772
1341848045.406703 0.8268985 -0.3328950 1.2986867 -0.0597268 0.1544920 0.2154298 0.9623694
1341848045.645890 0.7870667 -0.3593973 1.3571900 -0.0643230 0.1491607 0.2109864 0.9638975
1341848045.807609 0.7585770 -0.3771588 1.4049422 -0.0670403 0.1428620 0.2033109 0.9663130
1341848045.942758 0.7374899 -0.3823506 1.4374280 -0.0647588 0.1323781 0.1973920 0.9691846
1341848046.110817 0.7078581 -0.3840465 1.4687477 -0.0645405 0.1171641 0.1821483 0.9741300
1341848046.283599 0.6743897 -0.3862415 1.4912125 -0.0667567 0.1058267 0.1660835 0.9781414
1341848046.449782 0.6358810 -0.3843100 1.5070620 -0.0728271 0.1007933 0.1539815 0.9802176
1341848046.586076 0.6053691 -0.3838992 1.5097427 -0.0751505 0.0930991 0.1448187 0.9821978
1341848046.814747 0.5441558 -0.3647460 1.4942470 -0.0636142 0.0809680 0.1368186 0.9852300
1341848047.047884 0.4872545 -0.3510228 1.4725938 -0.0661440 0.0797104 0.1354980 0.9853485
1341848047.250668 0.4317228 -0.3349399 1.4515262 -0.0686369 0.0746401 0.1294252 0.9863909
1341848047.383038 0.3912577 -0.3297202 1.4386851 -0.0671202 0.0664661 0.1254839 0.9875885
1341848047.582955 0.3430575 -0.3251111 1.4149926 -0.0623246 0.0505354 0.1170210 0.9898828
1341848047.850811 0.2733527 -0.3256639 1.4012139 -0.0619998 0.0472093 0.1100284 0.9908689
1341848048.186720 0.1925085 -0.3302055 1.3920963 -0.0572630 0.0536372 0.1102365 0.9908037
1341848048.554990 0.1033751 -0.3510713 1.3757732 -0.0446059 0.0734954 0.1123982 0.9899371
1341848048.990810 0.0111695 -0.3703974 1.3479543 -0.0095021 0.0757630 0.1075372 0.9912646
1341848049.358802 -0.0717891 -0.3640597 1.3088325 0.0147137 0.0718332 0.0944527 0.9928253
1341848049.695064 -0.1627702 -0.3519775 1.2667238 0.0210093 0.0786867 0.1055672 0.9910715
1341848049.869834 -0.2150462 -0.3332488 1.2425207 0.0200688 0.0666759 0.1015856 0.9923870
1341848050.030786 -0.2678271 -0.3362352 1.2281069 0.0147107 0.0592107 0.0940507 0.9936962
1341848050.266732 -0.3206763 -0.3161880 1.2145782 0.0163973 0.0400696 0.0780317 0.9960104
1341848050.498791 -0.3783782 -0.3217558 1.2081782 0.0100815 0.0219799 0.0560337 0.9981360
1341848050.734789 -0.4381885 -0.3147486 1.2012016 0.0161573 0.0010536 0.0417856 0.9989954
1341848050.902725 -0.4768632 -0.3206332 1.1982790 0.0144224 -0.0192561 0.0299147 0.9992629
1341848051.170672 -0.5337585 -0.3184456 1.1862832 0.0225763 -0.0416060 0.0150764 0.9987652
1341848051.370895 -0.5601381 -0.3258498 1.1769637 0.0360918 -0.0600686 0.0050742 0.9975287
1341848051.538932 -0.5734026 -0.3278437 1.1717169 0.0420529 -0.0763953 -0.0104658 0.9961354
1341848051.706714 -0.5891720 -0.3145683 1.1605046 0.0595181 -0.0987219 -0.0389824 0.9925684
1341848051.838757 -0.5852793 -0.3104360 1.1575698 0.0672574 -0.1201843 -0.0669866 0.9882029
1341848052.074871 -0.5650580 -0.2889484 1.1309594 0.0633519 -0.1257619 -0.0972458 0.9852481
1341848052.379476 -0.5168118 -0.2646209 1.0971756 0.0581362 -0.1063277 -0.1255324 0.9846605
1341848052.746833 -0.4492290 -0.2354456 1.0485357 0.0610414 -0.0898698 -0.1465840 0.9832144
1341848052.846856 -0.4246630 -0.2321139 1.0334775 0.0574935 -0.0845966 -0.1490536 0.9835247
1341848052.978684 -0.3898988 -0.2200719 1.0049366 0.0588013 -0.0712481 -0.1462846 0.9849198
1341848053.114846 -0.3579323 -0.2157057 0.9835631 0.0562986 -0.0524745 -0.1398054 0.9871836
1341848053.421775 -0.2992258 -0.2002886 0.9388431 0.0605382 -0.0150160 -0.1108386 0.9918793
1341848053.589737 -0.2743217 -0.1818511 0.9210408 0.0532182 0.0075309 -0.0879668 0.9946723
1341848053.758007 -0.2512921 -0.1728126 0.9007282 0.0376354 0.0356833 -0.0572758 0.9970104
1341848054.051032 -0.2429083 -0.1659459 0.8595729 0.0409280 0.0725585 0.0050480 0.9965113
1341848054.422878 -0.2847834 -0.1665033 0.7862956 0.0240420 0.0865482 0.0331878 0.9954045
1341848054.991052 -0.3056518 -0.1597863 0.6754655 0.0382363 0.1144347 0.0757316 0.9898017
1341848055.394711 -0.3552364 -0.1086282 0.5482922 0.0563289 0.1317089 0.0950548 0.9851114
1341848055.694797 -0.4142364 -0.0697341 0.4667075 0.0558333 0.1536673 0.1002679 0.9814354
1341848056.030693 -0.4814383 -0.0501174 0.4305147 0.0584041 0.1808098 0.1262534 0.9736308
1341848056.366737 -0.6163630 -0.0489845 0.4412869 0.0600669 0.1804358 0.1354311 0.9723648
1341848056.634801 -0.7410017 -0.0437805 0.4561449 0.0406113 0.1605030 0.1545725 0.9740107
1341848056.934715 -0.8417479 -0.0713346 0.4643874 0.0257846 0.1490894 0.1461214 0.9776278
1341848057.370841 -0.9869711 -0.0681699 0.4894356 0.0025340 0.1683513 0.1406045 0.9756444
1341848057.670943 -1.1129186 -0.0676537 0.4990365 -0.0137723 0.1931385 0.1624952 0.9675242
1341848057.906831 -1.2111342 -0.0631317 0.5093635 -0.0092136 0.2082744 0.1842389 0.9605170
1341848058.142699 -1.3130640 -0.0855409 0.5298610 -0.0043306 0.1978102 0.1852348 0.9625698
1341848058.374887 -1.3958453 -0.1001948 0.5561438 0.0074614 0.1905039 0.1713939 0.9665799
1341848058.678730 -1.4650646 -0.1346714 0.6073993 0.0127001 0.2011425 0.1917154 0.9605340
1341848059.214738 -1.5234563 -0.1606184 0.6569911 0.0186564 0.2389660 0.2023020 0.9495373
1341848059.850685 -1.5434620 -0.1604577 0.6607913 0.0398892 0.2803186 0.2104609 0.9357011
1341848060.790920 -1.5221295 -0.1254256 0.6358463 0.0747757 0.2927473 0.1650467 0.9388649
1341848061.558821 -1.4008912 -0.1577049 0.6129180 0.1095306 0.2776412 0.1650091 0.9400482
1341848063.135045 -1.2218856 -0.1503987 0.6225081 0.0914387 0.2204683 0.1402100 0.9609234
1341848063.709890 -1.0968989 -0.1303605 0.6227847 0.0684028 0.2051524 0.1261853 0.9681482
1341848064.045815 -1.0139452 -0.1628163 0.6653075 0.0669962 0.1922004 0.1159324 0.9721780
1341848064.313795 -0.9121221 -0.1751541 0.6932358 0.0723508 0.1852819 0.1164557 0.9730746
1341848064.649724 -0.7870941 -0.2004603 0.7232675 0.0757761 0.1886750 0.1098420 0.9729308
1341848065.078713 -0.6840200 -0.1927833 0.7246993 0.0755121 0.1701427 0.1214661 0.9749848
1341848065.446728 -0.5856476 -0.1858605 0.7053594 0.0795383 0.1566106 0.1082999 0.9784774
1341848065.918698 -0.5068995 -0.1614065 0.6944179 0.0797302 0.1260982 0.0844946 0.9851919
1341848067.426869 -0.2068279 -0.1922344 0.7453163 0.0821236 0.0626244 0.0265886 0.9942972
1341848067.862808 -0.1612751 -0.1829514 0.7159105 0.0911237 0.0796091 0.0415867 0.9917809
