1341847980.722988 0.0000000 0.0000000 0.0000000 -0.0000000 -0.0000000 -0.0000000 1.0000000
1341847981.458797 -0.0164827 -0.0003766 -0.0053070 0.0024398 0.0057371 0.0063123 0.9999607
1341847981.490701 -0.0166264 -0.0002617 -0.0056771 0.0023434 0.0055966 0.0065701 0.9999601
1341847981.758846 -0.0337431 0.0056323 -0.0105716 0.0036160 0.0123841 0.0055506 0.9999014
1341847983.570684 -0.1875155 -0.0020554 -0.0067715 -0.0059159 0.0672795 0.0235719 0.9974381
1341847984.038718 -0.2634172 0.0035365 -0.0176054 0.0082120 0.0779295 0.0340313 0.9963440
1341847984.106759 -0.2747099 0.0071933 -0.0158779 0.0026515 0.0836735 0.0317087 0.9959851
1341847984.174831 -0.2843781 0.0117542 -0.0167682 0.0011724 0.0857367 0.0292470 0.9958878
1341847984.442894 -0.3239810 0.0123133 0.0052439 -0.0161060 0.0836941 0.0339500 0.9957828
1341847984.710651 -0.3542238 0.0041879 0.0393315 -0.0135202 0.0898493 0.0356795 0.9952242
1341847984.842655 -0.3677071 -0.0042666 0.0590235 -0.0069696 0.0917078 0.0397713 0.9949670
1341847987.865879 -0.4976857 -0.1661828 0.4529343 0.0145422 0.3235301 0.1687636 0.9309327
1341847988.401745 -0.5228733 -0.1721513 0.5078695 0.0288134 0.3351940 0.1689584 0.9264275
1341847988.706192 -0.5358239 -0.1738717 0.5244896 0.0182328 0.3452342 0.1742418 0.9220199
1341847988.837897 -0.5446832 -0.1774054 0.5284479 0.0170700 0.3489920 0.1833673 0.9188524
1341847988.937824 -0.5529519 -0.1800710 0.5320882 0.0140412 0.3562441 0.1863158 0.9155214
1341847989.234728 -0.5864587 -0.1946452 0.5422999 0.0199439 0.3573046 0.1952814 0.9131269
1341847989.770735 -0.6433097 -0.2203004 0.5476544 0.0030200 0.3689630 0.1643995 0.9147841
1341847989.870960 -0.6537907 -0.2248481 0.5514998 -0.0000976 0.3749341 0.1640862 0.9124145
1341847990.070686 -0.6843746 -0.2297166 0.5519272 0.0062990 0.3792773 0.1680026 0.9098814
1341847990.406760 -0.7322503 -0.2376486 0.5543711 0.0129963 0.3749872 0.1724795 0.9107506
1341847990.710795 -0.7638010 -0.2413142 0.5626811 0.0097668 0.3803987 0.1882661 0.9054045
1341847990.874745 -0.7778736 -0.2463866 0.5682390 0.0086684 0.3865392 0.1984536 0.9006267
1341847990.978824 -0.7849801 -0.2494826 0.5724419 0.0056373 0.3938532 0.1988843 0.8973811
1341847991.111319 -0.7943388 -0.2547217 0.5789413 0.0089157 0.4011321 0.2038002 0.8930168
1341847991.514709 -0.8268876 -0.2703926 0.6077698 0.0098504 0.4191391 0.2253449 0.8794573
1341847991.782657 -0.8392447 -0.2830283 0.6181236 0.0128756 0.4430917 0.2513539 0.8604215
1341847992.082793 -0.8537291 -0.2997644 0.6350496 0.0086941 0.4700122 0.2504730 0.8463311
1341847992.350695 -0.8749206 -0.3128893 0.6562157 0.0101468 0.4910128 0.2547273 0.8330171
1341847992.518735 -0.8908883 -0.3222540 0.6693810 0.0147825 0.5021181 0.2675344 0.8222435
1341847992.654692 -0.9064416 -0.3282692 0.6799831 0.0136558 0.5080497 0.2720785 0.8171123
1341847993.122668 -0.9378798 -0.3489081 0.7196957 0.0039334 0.5261213 0.2783945 0.8035406
1341847993.322794 -0.9441323 -0.3601859 0.7390633 0.0102078 0.5371673 0.2841453 0.7941087
1341847993.490680 -0.9492480 -0.3686767 0.7586905 0.0120123 0.5496541 0.2884990 0.7839034
1341847993.658928 -0.9578680 -0.3769635 0.7778386 0.0093801 0.5515892 0.3025725 0.7772460
1341847993.826735 -0.9588508 -0.3872951 0.7980962 -0.0024003 0.5590863 0.3047370 0.7710720
1341847994.101772 -0.9608299 -0.4066545 0.8211055 -0.0086081 0.5732472 0.3037028 0.7609718
1341847994.201675 -0.9649097 -0.4131091 0.8289220 -0.0026078 0.5801568 0.3046924 0.7553633
1341847994.469690 -0.9782304 -0.4345047 0.8557186 0.0149134 0.5964220 0.3088462 0.7407244
1341847994.769803 -0.9938495 -0.4546305 0.8932638 0.0141703 0.6101155 0.3215779 0.7239793
1341847994.998679 -1.0026704 -0.4658712 0.9197921 0.0024022 0.6212949 0.3350698 0.7083186
1341847995.366701 -1.0072941 -0.4845719 0.9515151 0.0087289 0.6479647 0.3448772 0.6790622
1341847995.466776 -1.0073084 -0.4897004 0.9618027 0.0067154 0.6524296 0.3447332 0.6748701
1341847995.702780 -1.0059317 -0.4992347 0.9843721 0.0109968 0.6511655 0.3637901 0.6659725
1341847995.802752 -1.0025123 -0.5027483 0.9926173 0.0101109 0.6528562 0.3687584 0.6615844
1341847996.506707 -1.0037315 -0.5245119 1.0260270 0.0159767 0.6905395 0.3748651 0.6183657
1341847996.806787 -1.0099642 -0.5309783 1.0521780 0.0032226 0.7037148 0.3845727 0.5973935
1341847996.942686 -1.0136186 -0.5386830 1.0676978 0.0081176 0.7068334 0.3902289 0.5899509
1341847997.078725 -1.0174913 -0.5478334 1.0836701 0.0139097 0.7093902 0.3890856 0.5875240
1341847997.210888 -1.0216683 -0.5554910 1.1004927 0.0121292 0.7109655 0.3839635 0.5890271
1341847997.346642 -1.0201322 -0.5624903 1.1135802 0.0080624 0.7125372 0.3852107 0.5863774
1341847997.746602 -1.0059208 -0.5907166 1.1523991 0.0097937 0.7387003 0.3737044 0.5608662
1341847997.915169 -0.9972017 -0.6035271 1.1731987 0.0176816 0.7450620 0.3763452 0.5503947
1341847998.050805 -0.9885408 -0.6129845 1.1880414 0.0233787 0.7461461 0.3821910 0.5446553
1341847998.185663 -0.9819691 -0.6218141 1.2041268 0.0236908 0.7424627 0.3859833 0.5469961
1341847998.450786 -0.9696970 -0.6398413 1.2346258 0.0114369 0.7381205 0.3814996 0.5563321
1341847998.718741 -0.9572747 -0.6551056 1.2704031 -0.0016764 0.7355251 0.3814857 0.5598828
1341847998.854711 -0.9557194 -0.6617885 1.2911074 -0.0033936 0.7384766 0.3817438 0.5557989
1341847999.122718 -0.9481770 -0.6741766 1.3275597 -0.0071942 0.7339396 0.3975324 0.5506803
1341847999.254873 -0.9420677 -0.6785250 1.3398947 -0.0071746 0.7434471 0.3961712 0.5387794
1341847999.390790 -0.9372941 -0.6859496 1.3531358 0.0082106 0.7516047 0.4003797 0.5241365
1341847999.522673 -0.9301962 -0.6918737 1.3629084 0.0143491 0.7655591 0.4021814 0.5019597
1341847999.658843 -0.9184679 -0.6955777 1.3696003 0.0209827 0.7741102 0.4086364 0.4830419
1341847999.791003 -0.9050903 -0.6986064 1.3781464 0.0254840 0.7834245 0.4098330 0.4665121
1341848000.058724 -0.8781548 -0.6982448 1.3903491 0.0300261 0.7918295 0.4376854 0.4248954
1341848000.394654 -0.8447042 -0.6931232 1.3946333 0.0175221 0.7961571 0.4652936 0.3864307
1341848000.594838 -0.8238688 -0.6901330 1.3952603 0.0163809 0.8015924 0.4682534 0.3713759
1341848000.730805 -0.8090075 -0.6920364 1.3961323 0.0187502 0.8094025 0.4665688 0.3561316
1341848000.998783 -0.7774410 -0.6970112 1.4007038 0.0312162 0.8195988 0.4671916 0.3301747
1341848001.130714 -0.7602591 -0.6977288 1.4042314 0.0375632 0.8222407 0.4695789 0.3193821
1341848001.266775 -0.7437669 -0.6959913 1.4087783 0.0286561 0.8288422 0.4657810 0.3086219
1341848001.399276 -0.7278415 -0.6928426 1.4096720 0.0194734 0.8364109 0.4649099 0.2896488
1341848001.534905 -0.7123688 -0.6878667 1.4069610 0.0131745 0.8437472 0.4669197 0.2643918
1341848001.666646 -0.6984913 -0.6833817 1.4036249 0.0106459 0.8532455 0.4650254 0.2358181
1341848001.802763 -0.6854877 -0.6805511 1.3994836 0.0112233 0.8594710 0.4629506 0.2164726
1341848002.070767 -0.6554463 -0.6757508 1.3878783 0.0185524 0.8632908 0.4723447 0.1768482
1341848002.238731 -0.6384003 -0.6725860 1.3825191 0.0206864 0.8654906 0.4745374 0.1590988
1341848002.370786 -0.6264936 -0.6677281 1.3802359 0.0135654 0.8655970 0.4801072 0.1416158
1341848002.639359 -0.6024194 -0.6540867 1.3737593 0.0044713 0.8631956 0.4903094 0.1202915
1341848002.774760 -0.5904932 -0.6465965 1.3745431 -0.0006377 0.8594503 0.4979979 0.1155117
1341848002.943323 -0.5712037 -0.6410187 1.3745711 0.0042106 0.8611242 0.4943120 0.1187567
1341848003.110641 -0.5541715 -0.6361690 1.3722982 0.0015323 0.8619881 0.4894929 0.1317989
1341848003.278886 -0.5367046 -0.6322321 1.3719594 -0.0117659 0.8640366 0.4852653 0.1334917
1341848003.410779 -0.5224150 -0.6288716 1.3731344 -0.0236108 0.8658060 0.4785770 0.1441756
1341848003.546854 -0.5074970 -0.6230885 1.3727065 -0.0259812 0.8626148 0.4762523 0.1685363
1341848003.649972 -0.4976570 -0.6208906 1.3718188 -0.0237379 0.8605069 0.4736063 0.1861759
1341848003.785807 -0.4842624 -0.6167766 1.3682398 -0.0297439 0.8579826 0.4693586 0.2066004
1341848003.921688 -0.4722756 -0.6112612 1.3628664 -0.0338524 0.8543221 0.4681083 0.2232993
1341848004.053778 -0.4608932 -0.6025617 1.3563583 -0.0330984 0.8514262 0.4666885 0.2370225
1341848004.189785 -0.4479566 -0.5960423 1.3474514 -0.0291447 0.8460632 0.4695829 0.2506384
1341848004.321820 -0.4354777 -0.5886040 1.3421748 -0.0339122 0.8396041 0.4693581 0.2713260
1341848004.457752 -0.4230207 -0.5792791 1.3394194 -0.0428249 0.8318846 0.4672713 0.2962963
1341848004.557784 -0.4141401 -0.5744770 1.3386981 -0.0473941 0.8245125 0.4703332 0.3109978
1341848004.757723 -0.4012246 -0.5635934 1.3381803 -0.0567908 0.8107311 0.4770244 0.3345709
1341848005.157668 -0.3835722 -0.5570396 1.3402038 -0.0624959 0.7908081 0.4828202 0.3709467
1341848005.325870 -0.3795352 -0.5544130 1.3432622 -0.0643765 0.7853327 0.4774733 0.3887511
1341848005.493689 -0.3722577 -0.5534105 1.3475475 -0.0634712 0.7782729 0.4745405 0.4062929
1341848006.469715 -0.3353629 -0.5618370 1.3681234 -0.0359663 0.7493165 0.4316846 0.5008790
1341848006.637780 -0.3263197 -0.5663855 1.3725939 -0.0344033 0.7457299 0.4325876 0.5055407
1341848007.005802 -0.3115677 -0.5815713 1.3908362 -0.0206470 0.7552321 0.4305086 0.4938223
1341848007.331423 -0.3039098 -0.6012343 1.4133852 -0.0103158 0.7682887 0.4449150 0.4600834
1341848007.498756 -0.2996227 -0.6114911 1.4266063 -0.0098744 0.7744997 0.4406259 0.4537638
1341848007.666675 -0.2930439 -0.6227523 1.4381673 -0.0071568 0.7795932 0.4458833 0.4397400
1341848007.834962 -0.2827492 -0.6312803 1.4447507 -0.0017156 0.7855981 0.4572510 0.4168383
1341848008.438870 -0.2398045 -0.6562642 1.4809260 0.0060476 0.8046712 0.4916253 0.3328246
1341848008.606698 -0.2291256 -0.6639685 1.4889159 0.0145697 0.8076248 0.4999476 0.3123817
1341848008.874631 -0.2115040 -0.6751674 1.4987718 0.0133774 0.8159520 0.5020437 0.2863487
1341848009.006825 -0.2023122 -0.6806392 1.5044730 0.0120889 0.8194953 0.5044406 0.2717003
1341848009.479022 -0.1709970 -0.6818323 1.5238606 0.0075122 0.8298984 0.5227302 0.1948472
1341848009.646873 -0.1554092 -0.6805404 1.5261735 0.0026122 0.8309546 0.5236319 0.1879293
1341848009.810661 -0.1388059 -0.6777881 1.5298722 -0.0017420 0.8348614 0.5167003 0.1898005
1341848009.978905 -0.1209180 -0.6736544 1.5259032 -0.0008492 0.8333898 0.5187860 0.1905828
1341848010.146752 -0.1078496 -0.6645334 1.5192610 -0.0002006 0.8320393 0.5226426 0.1858907
1341848010.582861 -0.0812175 -0.6451504 1.4776378 0.0062185 0.8291166 0.5374163 0.1539826
1341848011.051016 -0.0709372 -0.6369203 1.4492710 0.0090327 0.8328474 0.5421615 0.1111067
1341848011.186671 -0.0683656 -0.6347961 1.4469938 0.0112636 0.8339075 0.5423678 0.1015318
1341848011.354750 -0.0627043 -0.6332415 1.4392788 0.0064565 0.8347334 0.5444217 0.0823619
1341848011.522854 -0.0597710 -0.6288053 1.4368047 0.0093922 0.8368832 0.5439506 0.0604657
1341848012.022737 -0.0577619 -0.6091496 1.4160329 0.0097500 0.8301907 0.5572463 0.0128444
1341848012.190967 -0.0581653 -0.5987624 1.4035792 0.0057734 0.8265976 0.5626475 0.0114355
1341848012.358782 -0.0583471 -0.5865140 1.3901851 -0.0060332 0.8218797 0.5691174 0.0241397
1341848012.726854 -0.0522244 -0.5636142 1.3624885 -0.0342581 0.8139273 0.5769430 0.0590383
1341848012.994842 -0.0460505 -0.5522329 1.3532350 -0.0596636 0.8144934 0.5663899 0.1106495
1341848013.130817 -0.0425369 -0.5480288 1.3521732 -0.0649909 0.8131877 0.5623833 0.1350073
1341848013.262723 -0.0379186 -0.5448653 1.3538153 -0.0605698 0.8087862 0.5628418 0.1593911
1341848013.398748 -0.0347439 -0.5419399 1.3569572 -0.0654326 0.8029711 0.5620322 0.1872854
1341848013.534779 -0.0284996 -0.5409507 1.3578066 -0.0744423 0.7922417 0.5646262 0.2191088
1341848013.666669 -0.0203277 -0.5421565 1.3593298 -0.0792276 0.7848023 0.5613849 0.2503104
1341848013.934871 -0.0096956 -0.5408539 1.3660063 -0.0858202 0.7824587 0.5372782 0.3028620
1341848014.070990 -0.0035425 -0.5380722 1.3676026 -0.0872393 0.7738533 0.5323142 0.3319367
1341848014.202658 0.0077367 -0.5360355 1.3694700 -0.1007512 0.7623537 0.5293648 0.3583839
1341848014.338694 0.0213597 -0.5351948 1.3757641 -0.1045316 0.7550278 0.5195943 0.3860414
1341848014.506633 0.0367390 -0.5337908 1.3842851 -0.1118326 0.7423564 0.4991422 0.4327328
1341848014.670828 0.0524168 -0.5361302 1.3918059 -0.1105085 0.7307335 0.4797648 0.4729083
1341848014.874686 0.0702459 -0.5385983 1.4004376 -0.0957109 0.7204434 0.4620108 0.5082783
1341848015.042593 0.0746729 -0.5351844 1.4024653 -0.0907348 0.6990907 0.4617064 0.5383927
1341848015.310598 0.0925339 -0.5281746 1.4075854 -0.1166611 0.6651465 0.4552458 0.5802771
1341848015.442783 0.0976586 -0.5256475 1.4061880 -0.1106717 0.6400495 0.4514368 0.6117950
1341848015.749815 0.1057353 -0.5234978 1.4072807 -0.1067485 0.5855788 0.4177437 0.6864346
1341848016.053936 0.1076032 -0.5276678 1.4094565 -0.0943007 0.5562133 0.3697010 0.7382787
1341848016.657837 0.0985965 -0.5385195 1.4177473 -0.0676637 0.5646271 0.3789223 0.7300930
1341848016.757848 0.0964340 -0.5423295 1.4234416 -0.0647839 0.5670525 0.3785909 0.7286449
1341848016.850754 0.0913608 -0.5478632 1.4281931 -0.0639697 0.5666152 0.3786244 0.7290395
1341848017.018678 0.0815617 -0.5550293 1.4383390 -0.0642893 0.5699055 0.3808610 0.7252720
1341848017.086845 0.0780277 -0.5583668 1.4416077 -0.0657398 0.5728434 0.3826014 0.7219037
1341848017.150678 0.0741260 -0.5621899 1.4439654 -0.0652543 0.5793374 0.3860175 0.7149131
1341848017.218765 0.0715106 -0.5653365 1.4468940 -0.0634908 0.5872042 0.3893628 0.7067933
1341848017.418824 0.0551959 -0.5766095 1.4524981 -0.0393929 0.6139690 0.3910331 0.6845316
1341848017.554797 0.0440477 -0.5830446 1.4549478 -0.0344087 0.6261410 0.3925005 0.6728350
1341848017.686820 0.0400212 -0.5877559 1.4572849 -0.0283949 0.6381189 0.3932531 0.6613244
1341848018.159145 0.0201629 -0.6021434 1.4699540 -0.0131402 0.6652924 0.3999922 0.6302536
1341848018.367205 0.0195359 -0.6096012 1.4804417 -0.0151401 0.6800675 0.4072507 0.6094473
1341848018.601739 0.0169961 -0.6208125 1.5014246 -0.0059067 0.6950018 0.4236986 0.5808762
1341848018.833759 0.0166426 -0.6368304 1.5258057 -0.0102717 0.7090562 0.4298475 0.5588962
1341848019.069833 0.0135117 -0.6554007 1.5461437 -0.0046991 0.7195625 0.4289741 0.5460668
1341848019.298715 0.0091269 -0.6703669 1.5657670 -0.0098451 0.7353854 0.4351297 0.5193972
1341848019.530821 0.0062761 -0.6890865 1.5946515 -0.0122406 0.7556116 0.4375191 0.4873175
1341848019.798719 0.0062196 -0.7073530 1.6304096 -0.0108052 0.7680296 0.4439723 0.4614135
1341848020.034693 0.0080824 -0.7185283 1.6489402 -0.0050333 0.7829098 0.4516858 0.4277931
1341848020.302754 0.0173028 -0.7297627 1.6682125 -0.0059557 0.8013951 0.4557054 0.3873797
1341848020.538748 0.0315015 -0.7404764 1.6851021 0.0019923 0.8220232 0.4532892 0.3446781
1341848020.807216 0.0496230 -0.7511309 1.7053149 0.0104734 0.8288259 0.4681194 0.3062717
1341848021.039636 0.0663835 -0.7621294 1.7178818 0.0109668 0.8344910 0.4722541 0.2836910
1341848021.274899 0.0874029 -0.7692413 1.7296503 0.0080513 0.8440554 0.4730190 0.2525048
1341848021.550755 0.1151950 -0.7839257 1.7469801 0.0246369 0.8642947 0.4612516 0.1990845
1341848021.810867 0.1438591 -0.7907733 1.7614527 0.0124985 0.8711249 0.4610596 0.1685508
1341848022.046709 0.1742010 -0.7942837 1.7635633 0.0042045 0.8781639 0.4573009 0.1403085
1341848022.278764 0.2050437 -0.7963353 1.7600331 0.0028074 0.8870022 0.4498113 0.1043502
1341848022.521730 0.2335865 -0.8002020 1.7484466 0.0147513 0.8943594 0.4426678 0.0628410
1341848022.753725 0.2586884 -0.8038685 1.7363236 0.0186758 0.8974383 0.4400806 0.0241834
1341848022.982728 0.2786630 -0.7976325 1.7260069 0.0030339 -0.8912811 -0.4527074 0.0257856
1341848023.218702 0.3113897 -0.7910913 1.7167937 -0.0014689 -0.8814536 -0.4628344 0.0939236
1341848023.454710 0.3378206 -0.7764690 1.7067327 0.0096121 -0.8650547 -0.4829009 0.1356277
1341848023.687172 0.3569065 -0.7662286 1.6903481 0.0121228 -0.8607200 -0.4798221 0.1696613
1341848023.890666 0.3688979 -0.7564900 1.6722906 0.0128935 -0.8570508 -0.4755552 0.1978506
1341848024.090828 0.3784034 -0.7485807 1.6504833 -0.0008434 -0.8521407 -0.4702738 0.2295608
1341848024.290769 0.3858309 -0.7395310 1.6317914 -0.0109450 -0.8439728 -0.4709986 0.2564186
1341848024.491019 0.3920537 -0.7300476 1.6153761 -0.0066944 -0.8332301 -0.4764319 0.2805272
1341848024.694820 0.4031020 -0.7180713 1.6019199 -0.0042298 -0.8222383 -0.4810229 0.3041763
1341848024.894777 0.4208117 -0.7069245 1.5883870 -0.0087068 -0.8139601 -0.4786749 0.3290343
1341848025.094714 0.4421746 -0.6984031 1.5794926 -0.0145393 -0.8068877 -0.4754435 0.3502488
1341848025.262679 0.4591081 -0.6896324 1.5698075 -0.0207504 -0.8002900 -0.4722810 0.3688577
1341848025.430687 0.4723095 -0.6843446 1.5611541 -0.0214841 -0.7949921 -0.4725507 0.3797654
1341848025.598738 0.4833471 -0.6785461 1.5522420 -0.0164786 -0.7893928 -0.4715043 0.3927737
1341848025.798909 0.4936134 -0.6707890 1.5424221 -0.0150291 -0.7821151 -0.4706950 0.4080642
1341848025.967138 0.5020521 -0.6635497 1.5327629 -0.0224010 -0.7773748 -0.4661841 0.4217333
1341848026.402725 0.5265927 -0.6417788 1.5080749 -0.0475248 -0.7566650 -0.4590429 0.4631189
1341848026.602721 0.5375217 -0.6341840 1.4970623 -0.0465244 -0.7533364 -0.4499226 0.4773777
1341848026.806747 0.5526308 -0.6259432 1.4850560 -0.0440838 -0.7501807 -0.4484131 0.4839538
1341848027.006815 0.5738281 -0.6164078 1.4735032 -0.0393538 -0.7474090 -0.4537469 0.4836786
1341848027.174831 0.5952475 -0.6109476 1.4656482 -0.0402058 -0.7461766 -0.4483000 0.4905416
1341848027.306705 0.6125482 -0.6082863 1.4606522 -0.0413846 -0.7447453 -0.4423333 0.4979789
1341848027.474800 0.6335365 -0.6044976 1.4533149 -0.0400402 -0.7514880 -0.4313433 0.4975998
1341848027.610716 0.6492075 -0.6014247 1.4471434 -0.0357932 -0.7592010 -0.4262900 0.4905195
1341848027.778768 0.6626184 -0.5969995 1.4375415 -0.0336805 -0.7625976 -0.4275158 0.4842941
1341848027.942732 0.6747853 -0.5894967 1.4260006 -0.0279078 -0.7642903 -0.4334192 0.4766856
1341848028.078967 0.6814494 -0.5837699 1.4138250 -0.0234123 -0.7675905 -0.4332147 0.4717858
1341848028.254235 0.6878062 -0.5784172 1.4011438 -0.0258371 -0.7715564 -0.4267405 0.4710898
1341848028.546612 0.6999861 -0.5653914 1.3712413 -0.0310855 -0.7698843 -0.4165228 0.4825149
1341848028.721828 0.7107534 -0.5574244 1.3554375 -0.0319407 -0.7700542 -0.4160596 0.4825875
1341848028.882714 0.7204909 -0.5499275 1.3394561 -0.0337992 -0.7711136 -0.4141354 0.4824244
1341848029.182676 0.7335366 -0.5378551 1.3141313 -0.0326109 -0.7650082 -0.4225582 0.4849161
1341848029.350954 0.7429491 -0.5304159 1.3021486 -0.0279989 -0.7593999 -0.4249194 0.4919059
1341848029.518925 0.7548180 -0.5246951 1.2913010 -0.0254096 -0.7545308 -0.4215289 0.5023453
1341848029.686830 0.7711561 -0.5192285 1.2806873 -0.0292622 -0.7500277 -0.4115343 0.5169542
1341848029.990762 0.8000920 -0.5084422 1.2644800 -0.0345226 -0.7341520 -0.4048950 0.5439569
1341848030.154918 0.8128743 -0.5007207 1.2567935 -0.0346710 -0.7261189 -0.4031058 0.5559272
1341848030.458888 0.8273430 -0.4873361 1.2399879 -0.0339637 -0.7043807 -0.4031644 0.5832261
1341848030.626961 0.8341862 -0.4788653 1.2299846 -0.0353094 -0.6952806 -0.3993345 0.5965484
1341848030.926741 0.8473462 -0.4643042 1.2030977 -0.0477646 -0.6816946 -0.3737622 0.6271466
1341848031.062783 0.8558735 -0.4592097 1.1901224 -0.0515562 -0.6792215 -0.3590267 0.6380439
1341848031.394753 0.8720907 -0.4482267 1.1594676 -0.0636253 -0.6731719 -0.3501458 0.6482202
1341848031.538148 0.8765348 -0.4448254 1.1504346 -0.0585050 -0.6671489 -0.3485245 0.6557592
1341848031.830821 0.8931059 -0.4385983 1.1347616 -0.0528174 -0.6509054 -0.3343747 0.6795043
1341848032.134739 0.9142057 -0.4304784 1.1144862 -0.0480168 -0.6350712 -0.3203344 0.7012595
1341848032.302842 0.9242458 -0.4231890 1.1043370 -0.0476222 -0.6300498 -0.3185559 0.7066056
1341848032.434730 0.9331473 -0.4184367 1.0973387 -0.0441642 -0.6256866 -0.3144964 0.7125011
1341848032.570910 0.9401028 -0.4152457 1.0885441 -0.0434300 -0.6232875 -0.3101853 0.7165275
1341848032.838781 0.9552785 -0.4072619 1.0651453 -0.0351293 -0.6268784 -0.3020706 0.7173163
1341848033.006687 0.9578459 -0.3995880 1.0521443 -0.0367102 -0.6231045 -0.3007770 0.7210592
1341848033.274940 0.9602591 -0.3881618 1.0306069 -0.0374376 -0.6115639 -0.2884593 0.7357848
1341848033.742797 0.9606574 -0.3726610 0.9941497 -0.0467259 -0.5923350 -0.2751068 0.7558255
1341848033.911229 0.9633345 -0.3682134 0.9839110 -0.0469848 -0.5853215 -0.2695991 0.7632219
1341848034.110771 0.9673944 -0.3660063 0.9741307 -0.0360558 -0.5665245 -0.2517218 0.7838278
1341848034.246723 0.9735034 -0.3650140 0.9678220 -0.0331045 -0.5523562 -0.2382170 0.7981600
1341848034.814737 1.0022814 -0.3380205 0.9225103 -0.0390530 -0.5326184 -0.2258625 0.8147261
1341848034.983028 1.0072645 -0.3286409 0.9131454 -0.0400918 -0.5262942 -0.2281937 0.8181288
1341848035.150978 1.0085837 -0.3201921 0.9030628 -0.0433984 -0.5191742 -0.2286088 0.8223824
1341848035.319914 1.0072254 -0.3130314 0.8921186 -0.0431666 -0.5157452 -0.2261958 0.8252146
1341848035.486822 1.0053136 -0.3078926 0.8776156 -0.0448798 -0.5143670 -0.2156939 0.8287874
1341848035.786729 1.0010729 -0.2956857 0.8529795 -0.0557167 -0.4991446 -0.1939287 0.8426992
1341848035.954633 0.9963012 -0.2901523 0.8389062 -0.0599906 -0.4914916 -0.1821147 0.8495125
1341848036.626802 0.9799553 -0.2637862 0.7835845 -0.0572432 -0.4641056 -0.1701268 0.8674020
1341848036.790720 0.9762422 -0.2565857 0.7632663 -0.0500445 -0.4574941 -0.1552625 0.8741214
1341848036.926846 0.9745643 -0.2507385 0.7464780 -0.0493932 -0.4487132 -0.1458864 0.8803034
1341848037.227032 0.9697279 -0.2353819 0.7057647 -0.0201606 -0.4482233 -0.1303189 0.8841416
1341848037.362746 0.9666593 -0.2299547 0.6895748 -0.0110306 -0.4542980 -0.1269146 0.8816940
1341848037.662669 0.9543718 -0.2150083 0.6576670 0.0006399 -0.4477521 -0.1357665 0.8837902
1341848037.837792 0.9430561 -0.2081339 0.6437495 0.0029268 -0.4372889 -0.1321829 0.8895491
1341848037.998629 0.9305094 -0.1981359 0.6316703 -0.0122395 -0.4205845 -0.1262993 0.8983359
1341848038.306525 0.9097463 -0.1840579 0.6103542 -0.0234548 -0.3944785 -0.1242627 0.9101623
1341848038.802800 0.8812134 -0.1653866 0.5627422 -0.0075381 -0.3771119 -0.1210026 0.9181983
1341848039.306747 0.8706073 -0.1370494 0.5119547 -0.0109614 -0.3481519 -0.0970444 0.9323371
1341848039.507121 0.8655272 -0.1276805 0.4977512 -0.0117784 -0.3388619 -0.0974974 0.9356967
1341848039.806875 0.8486118 -0.1153977 0.4760807 -0.0024673 -0.3251927 -0.1015438 0.9401768
1341848039.974815 0.8357714 -0.1085729 0.4649386 -0.0035513 -0.3162301 -0.0940256 0.9440048
1341848040.446720 0.7969808 -0.0929888 0.4348529 -0.0217134 -0.2819498 -0.0652135 0.9569640
1341848040.646758 0.7835294 -0.0926432 0.4217375 -0.0188161 -0.2742172 -0.0581685 0.9597225
1341848040.778774 0.7737488 -0.0918406 0.4161280 -0.0062086 -0.2496675 -0.0534902 0.9668332
1341848041.122188 0.7510512 -0.0818538 0.4010219 -0.0110623 -0.2018240 -0.0237639 0.9790710
1341848041.283054 0.7400181 -0.0762752 0.3948729 -0.0254600 -0.1871037 -0.0069954 0.9819853
1341848041.450845 0.7270781 -0.0718055 0.3922817 -0.0281040 -0.1710287 -0.0002149 0.9848651
1341848041.618743 0.7086303 -0.0696122 0.3963569 -0.0334829 -0.1496224 0.0009149 0.9881757
1341848041.818704 0.6814308 -0.0687900 0.3943573 -0.0302992 -0.1360914 0.0156939 0.9901085
1341848042.390711 0.6163720 -0.0766557 0.3993845 -0.0364937 -0.0956854 0.0505723 0.9934561
1341848042.558691 0.5949643 -0.0753692 0.4030751 -0.0405788 -0.0721176 0.0640286 0.9945114
1341848042.861726 0.5662156 -0.0702911 0.4020160 -0.0425795 -0.0307537 0.0964857 0.9939475
1341848043.030335 0.5486054 -0.0682674 0.4020331 -0.0426120 -0.0102840 0.1090924 0.9930646
1341848043.165792 0.5363640 -0.0676497 0.4030336 -0.0463376 0.0035133 0.1161317 0.9921461
1341848043.805817 0.4649273 -0.0841021 0.4320985 -0.0508595 0.0446260 0.1456703 0.9870167
1341848044.273822 0.4233235 -0.0993315 0.4570722 -0.0526765 0.0632150 0.1512907 0.9850585
1341848044.441696 0.4127188 -0.1026609 0.4670069 -0.0561806 0.0747716 0.1602851 0.9826300
1341848044.573760 0.4052346 -0.1049624 0.4760512 -0.0579824 0.0925126 0.1748802 0.9785175
1341848044.970797 0.3718611 -0.1144634 0.4947926 -0.0501249 0.1308851 0.2164386 0.9661837
1341848045.138762 0.3607662 -0.1143323 0.5028233 -0.0560540 0.1334109 0.2196888 0.9647778
1341848045.474692 0.3364990 -0.1264336 0.5306693 -0.0616925 0.1392468 0.2159623 0.9644504
1341848045.774776 0.3165058 -0.1380723 0.5590539 -0.0639371 0.1317350 0.2066723 0.9673905
1341848045.942758 0.3053896 -0.1441144 0.5759310 -0.0634049 0.1196701 0.1993096 0.9705331
1341848046.219718 0.2843354 -0.1442737 0.5920445 -0.0616230 0.1007290 0.1727594 0.9778602
1341848046.349732 0.2747529 -0.1449794 0.5986649 -0.0658313 0.0902678 0.1616516 0.9805033
1341848046.517760 0.2610706 -0.1407462 0.6020259 -0.0681643 0.0817852 0.1500144 0.9829347
1341848046.685899 0.2432276 -0.1415193 0.6002645 -0.0671267 0.0734430 0.1430435 0.9847023
1341848047.282779 0.1813574 -0.1253107 0.5760719 -0.0664018 0.0596083 0.1308175 0.9873827
1341848047.450847 0.1610721 -0.1251149 0.5678287 -0.0637661 0.0508770 0.1231781 0.9890261
1341848047.582955 0.1483516 -0.1235498 0.5612233 -0.0610421 0.0404853 0.1183327 0.9902688
1341848047.750845 0.1314021 -0.1243166 0.5560945 -0.0603808 0.0365709 0.1148025 0.9908770
1341848048.054937 0.0998043 -0.1255166 0.5519885 -0.0568478 0.0396841 0.1099515 0.9915161
1341848048.422649 0.0628267 -0.1323585 0.5477797 -0.0510321 0.0621202 0.1120898 0.9904407
1341848048.822736 0.0281743 -0.1390773 0.5382054 -0.0233922 0.0724223 0.1180428 0.9900877
1341848049.158854 0.0006121 -0.1439009 0.5262774 0.0063704 0.0656209 0.1004256 0.9927578
1341848049.294747 -0.0121779 -0.1435473 0.5213286 0.0113663 0.0654490 0.0949400 0.9932641
1341848049.426763 -0.0246334 -0.1433786 0.5144069 0.0150006 0.0671469 0.0977391 0.9928310
1341848049.562799 -0.0382997 -0.1399072 0.5069398 0.0196334 0.0726246 0.1049607 0.9916267
1341848050.330688 -0.1277785 -0.1208531 0.4804888 0.0166995 0.0342046 0.0725000 0.9966418
1341848050.566840 -0.1488697 -0.1195361 0.4762468 0.0171423 0.0141793 0.0537682 0.9983056
1341848050.666816 -0.1580825 -0.1201800 0.4748115 0.0177740 0.0037667 0.0455092 0.9987987
1341848050.766882 -0.1679424 -0.1196504 0.4736832 0.0183664 -0.0077081 0.0424592 0.9988996
1341848051.138713 -0.2008278 -0.1225015 0.4676962 0.0242485 -0.0430137 0.0172144 0.9986318
1341848051.774823 -0.2220056 -0.1193826 0.4545869 0.0646326 -0.1180970 -0.0457431 0.9898400
1341848051.874951 -0.2224105 -0.1164538 0.4499583 0.0732847 -0.1246528 -0.0689327 0.9870863
1341848051.942680 -0.2210553 -0.1137207 0.4498088 0.0705221 -0.1322065 -0.0803705 0.9854383
1341848052.110964 -0.2143818 -0.1099552 0.4452334 0.0632906 -0.1245288 -0.0978775 0.9853461
1341848052.211397 -0.2084367 -0.1065979 0.4421566 0.0624371 -0.1197294 -0.1087758 0.9848524
1341848052.512393 -0.1884161 -0.0997801 0.4282610 0.0601354 -0.1018536 -0.1269638 0.9848298
1341848052.617750 -0.1802483 -0.0969200 0.4217518 0.0590825 -0.0972066 -0.1361569 0.9841349
1341848052.710822 -0.1718792 -0.0903599 0.4150614 0.0644112 -0.0923727 -0.1474185 0.9826425
1341848052.846856 -0.1622826 -0.0893761 0.4088131 0.0582127 -0.0856535 -0.1471972 0.9836705
1341848052.946675 -0.1513845 -0.0858708 0.4008483 0.0591024 -0.0760235 -0.1459145 0.9845996
1341848053.082651 -0.1375607 -0.0823749 0.3903307 0.0596466 -0.0618154 -0.1386786 0.9866050
1341848053.689724 -0.0923386 -0.0678660 0.3601743 0.0414250 0.0191107 -0.0668064 0.9967225
1341848053.889790 -0.0855071 -0.0649839 0.3522278 0.0343991 0.0561195 -0.0294636 0.9973962
1341848054.186687 -0.0908591 -0.0640349 0.3300801 0.0330673 0.0699130 0.0316367 0.9965028
1341848054.754741 -0.1081796 -0.0641680 0.2859163 0.0257982 0.0943555 0.0504480 0.9939248
1341848055.226768 -0.1197944 -0.0501751 0.2406720 0.0544570 0.1243708 0.0931807 0.9863487
1341848057.034763 -0.3325229 -0.0263003 0.1837222 0.0222621 0.1494046 0.1486697 0.9772820
1341848057.874817 -0.4619171 -0.0243139 0.2008520 -0.0103307 0.2029887 0.1863673 0.9612263
1341848058.274694 -0.5256269 -0.0367709 0.2155932 -0.0004995 0.1850769 0.1782049 0.9664312
1341848058.678730 -0.5666248 -0.0526397 0.2393385 0.0119686 0.1969567 0.1941378 0.9609242
1341848059.078771 -0.5875379 -0.0619617 0.2548276 0.0178844 0.2217026 0.2071870 0.9526813
1341848059.986776 -0.6016963 -0.0619362 0.2565530 0.0475382 0.2746615 0.2103315 0.9370496
1341848060.418639 -0.6010429 -0.0554011 0.2527137 0.0630217 0.2859225 0.1827473 0.9385521
1341848060.757863 -0.5912406 -0.0504224 0.2498367 0.0726449 0.2918842 0.1673906 0.9388859
1341848061.197947 -0.5639933 -0.0605008 0.2480944 0.0903474 0.2723461 0.1643744 0.9437404
1341848061.558821 -0.5419748 -0.0607708 0.2389782 0.1093496 0.2733277 0.1688318 0.9406543
1341848062.598817 -0.5113100 -0.0638381 0.2552684 0.0924807 0.2477220 0.1569643 0.9515479
1341848063.135045 -0.4717925 -0.0573209 0.2446142 0.0917009 0.2164037 0.1435416 0.9613304
1341848063.502776 -0.4372866 -0.0523839 0.2395807 0.0765381 0.2077541 0.1221402 0.9675030
1341848064.449767 -0.3286445 -0.0715330 0.2819629 0.0687111 0.1847191 0.1152738 0.9735860
1341848064.878850 -0.2789887 -0.0765053 0.2867978 0.0746086 0.1755109 0.1131177 0.9751071
1341848065.314761 -0.2360451 -0.0695838 0.2814498 0.0795685 0.1568281 0.1195444 0.9771300
1341848065.750674 -0.1970227 -0.0669232 0.2754027 0.0846686 0.1425271 0.0995088 0.9811296
1341848066.286736 -0.1642041 -0.0581449 0.2735004 0.0627966 0.0818540 0.0682832 0.9923175
1341848066.732527 -0.1241925 -0.0702578 0.2895420 0.0733564 0.0659761 0.0392484 0.9943468
1341848067.322816 -0.0786613 -0.0735722 0.2965222 0.0826022 0.0573119 0.0211345 0.9947088
1341848067.758667 -0.0576523 -0.0704246 0.2867785 0.0876508 0.0716934 0.0375836 0.9928569
